Price History: XD3RM6-S									
									
Date	Price	Change	% Change	Yield to Maturity	Interpolated Spread (LIBOR)	Interpolated Spread (Treasury)	Option Adjusted Spread (LIBOR)	Option Adjusted Spread (Treasury)	Spread (Treasury)
02/19/21	98.36			1.06	8.66	19.53	8.61	19.42	8.37
02/22/21	98.18	-0.18	-0.18	1.09	8.79	21.62	8.72	21.50	9.58
02/23/21	98.03	-0.15	-0.15	1.11	14.36	24.69	14.21	24.44	13.14
02/24/21	97.81	-0.22	-0.23	1.15	17.19	26.01	17.04	25.73	13.44
02/25/21	96.72	-1.09	-1.11	1.33	16.67	26.41	16.31	25.98	13.89
02/26/21	96.85	0.13	0.13	1.31	23.05	26.91	22.80	26.51	14.18
03/01/21	96.96	0.11	0.11	1.29	21.72	29.85	21.47	29.40	17.75
03/02/21	97.48	0.53	0.54	1.21	16.25	24.96	16.04	24.55	12.52
03/03/21	97.45	-0.04	-0.04	1.21	9.87	19.90	9.56	19.41	7.33
03/04/21	96.65	-0.79	-0.81	1.34	16.03	25.77	15.66	25.20	12.68
03/05/21	96.42	-0.24	-0.25	1.38	19.81	29.31	19.45	28.75	15.91
03/08/21	96.01	-0.41	-0.43	1.45	23.98	30.47	23.60	29.82	17.39
03/09/21	95.88	-0.12	-0.13	1.47	32.83	36.74	32.55	36.18	23.95
03/10/21	96.88	1.00	1.04	1.31	17.89	23.28	17.57	22.70	10.38
03/11/21	96.69	-0.20	-0.20	1.34	20.19	27.28	19.85	26.72	14.36
03/12/21	96.43	-0.26	-0.26	1.38	17.15	22.94	16.73	22.24	9.18
03/15/21	96.27	-0.16	-0.17	1.41	22.38	27.21	22.01	26.56	13.62
03/16/21	96.27	0.00	0.00	1.41	22.25	27.24	21.84	26.56	13.33
03/17/21	96.53	0.25	0.26	1.37	17.75	24.33	17.39	23.68	10.55
03/18/21	95.89	-0.63	-0.66	1.47	23.80	25.78	23.39	24.99	11.41
03/19/21	96.04	0.15	0.15	1.45	16.81	22.31	16.30	21.47	8.00
03/22/21	96.26	0.22	0.23	1.41	15.84	21.88	15.36	21.09	8.48
03/23/21	96.35	0.09	0.10	1.40	20.05	24.35	19.66	23.65	10.98
03/24/21	96.44	0.09	0.09	1.38	18.28	25.06	17.90	24.40	11.43
03/25/21	96.14	-0.30	-0.31	1.43	21.90	30.72	21.49	30.07	17.14
03/26/21	96.23	0.09	0.09	1.42	16.94	24.95	16.48	24.22	10.88
03/29/21	95.89	-0.34	-0.35	1.48	20.15	26.30	19.66	25.49	12.15
03/30/21	95.86	-0.03	-0.03	1.48	18.87	25.03	18.35	24.18	10.57
03/31/21	95.69	-0.16	-0.17	1.51	17.34	25.32	16.74	24.48	10.42
04/01/21	96.35	0.66	0.68	1.40	11.06	19.00	10.49	18.21	3.73
04/05/21	96.14	-0.21	-0.22	1.44	11.65	18.60	11.05	17.74	3.57
04/06/21	96.24	0.10	0.10	1.42	15.18	24.05	14.66	23.32	8.79
04/07/21	96.34	0.10	0.11	1.40	13.49	23.55	12.95	22.81	8.74
04/08/21	96.44	0.10	0.10	1.39	16.68	24.08	16.20	23.37	9.19
04/09/21	96.33	-0.12	-0.12	1.41	16.27	22.79	15.72	21.99	7.86
04/12/21	96.37	0.05	0.05	1.40	15.03	20.59	14.47	19.76	5.71
04/13/21	96.67	0.30	0.31	1.35	16.33	20.71	15.84	19.96	6.14
04/14/21	96.70	0.02	0.03	1.35	15.08	18.63	14.58	17.85	3.86
04/15/21	97.09	0.40	0.41	1.28	13.17	20.54	12.70	19.89	6.16
04/16/21	96.91	-0.18	-0.19	1.31	16.18	20.48	15.72	19.80	5.70
04/19/21	96.86	-0.05	-0.05	1.32	15.90	19.27	15.44	18.55	4.67
04/20/21	96.92	0.05	0.05	1.31	18.40	21.77	17.97	21.10	7.57
04/21/21	96.89	-0.03	-0.03	1.31	19.33	22.53	18.91	21.87	7.84
04/22/21	97.01	0.12	0.12	1.29	17.47	20.57	17.04	19.92	6.06
04/23/21	96.94	-0.07	-0.08	1.31	16.80	20.27	16.34	19.58	5.68
04/26/21	96.91	-0.03	-0.03	1.31	15.74	20.06	15.24	19.36	5.26
04/27/21	96.72	-0.19	-0.19	1.34	14.48	19.19	13.95	18.43	4.41
04/28/21	96.94	0.22	0.23	1.31	11.95	16.27	11.44	15.52	0.92
04/29/21	96.67	-0.27	-0.28	1.35	15.24	19.30	14.74	18.54	4.31
04/30/21	96.84	0.17	0.17	1.32	13.81	17.93	13.32	17.17	2.00
05/03/21	96.92	0.08	0.08	1.31	14.53	19.26	14.08	18.54	2.62
05/04/21	96.91	-0.01	-0.01	1.31	16.15	20.42	15.69	19.72	4.21
05/05/21	97.08	0.17	0.18	1.28	15.05	18.81	14.61	18.10	2.73
05/06/21	97.35	0.26	0.27	1.24	10.85	15.75	10.36	15.04	-0.26
05/07/21	97.49	0.14	0.14	1.22	10.96	15.24	10.51	14.57	-1.65
05/10/21	97.23	-0.26	-0.27	1.26	14.89	17.71	14.48	17.02	0.67
05/11/21	96.93	-0.29	-0.30	1.31	18.19	20.66	17.77	19.96	3.98
05/12/21	98.11	1.18	1.22	1.11	-5.81	-6.25	-6.28	-7.16	-22.94
05/13/21	96.82	-1.30	-1.32	1.33	18.24	19.15	17.80	18.39	2.23
05/14/21	97.08	0.26	0.27	1.29	14.64	17.25	14.21	16.53	0.37
05/17/21	96.71	-0.38	-0.39	1.35	20.17	23.07	19.72	22.35	6.13
05/18/21	96.90	0.20	0.20	1.32	17.54	20.57	17.11	19.88	3.29
05/19/21	97.05	0.15	0.16	1.29	11.38	13.39	10.87	12.61	-3.75
05/20/21	97.01	-0.04	-0.04	1.30	16.05	19.37	15.61	18.67	2.21
05/21/21	97.05	0.04	0.04	1.29	15.29	18.07	14.83	17.36	0.87
05/24/21	97.16	0.12	0.12	1.27	15.25	17.96	14.83	17.27	1.31
05/25/21	97.42	0.25	0.26	1.23	15.20	17.87	14.79	17.23	1.07
05/26/21	97.25	-0.17	-0.17	1.26	17.22	19.93	16.80	19.30	3.23
05/27/21	96.92	-0.33	-0.34	1.32	19.90	22.76	19.47	22.10	5.83
05/28/21	97.38	0.46	0.48	1.24	13.95	16.23	13.51	15.56	-0.63
06/01/21	97.18	-0.20	-0.20	1.27	14.48	18.20	14.08	17.58	1.38
06/02/21	97.36	0.18	0.18	1.24	13.94	17.47	13.57	16.88	-1.43
06/03/21	97.08	-0.28	-0.29	1.29	13.97	17.67	13.56	17.01	-0.81
06/04/21	97.32	0.24	0.24	1.25	16.74	20.10	16.44	19.56	2.22
06/07/21	97.22	-0.10	-0.10	1.27	17.84	21.36	17.53	20.82	3.02
06/08/21	97.70	0.48	0.50	1.19	12.42	16.31	12.12	15.79	-1.45
06/09/21	97.51	-0.19	-0.19	1.22	19.62	22.56	19.30	22.08	5.54
06/10/21	97.49	-0.02	-0.02	1.22	23.21	24.97	22.98	24.51	7.96
06/11/21	97.54	0.05	0.05	1.21	20.43	23.04	20.14	22.59	6.19
06/14/21	97.31	-0.23	-0.23	1.25	19.89	22.82	19.59	22.32	5.95
06/15/21	97.50	0.18	0.19	1.22	16.82	20.26	16.47	19.74	2.82
06/16/21	96.81	-0.69	-0.71	1.34	17.70	22.51	17.25	21.90	5.57
06/17/21	97.36	0.55	0.57	1.25	11.81	15.08	11.32	14.43	-0.83
06/18/21	97.33	-0.02	-0.02	1.25	17.21	17.91	16.71	17.23	3.11
06/21/21	97.32	-0.02	-0.02	1.25	14.87	17.41	14.37	16.73	1.84
06/22/21	97.39	0.08	0.08	1.24	15.65	17.98	15.19	17.35	2.44
06/23/21	97.42	0.03	0.03	1.24	10.70	15.45	10.15	14.79	-0.21
06/24/21	97.08	-0.34	-0.35	1.29	16.56	20.81	16.09	20.18	5.45
06/25/21	97.00	-0.08	-0.09	1.31	16.17	19.26	15.70	18.63	3.37
06/28/21	97.02	0.02	0.02	1.31	18.01	22.95	17.57	22.37	7.76
06/29/21	96.90	-0.13	-0.13	1.33	20.97	25.23	20.51	24.66	9.95
06/30/21	97.28	0.38	0.39	1.26	14.45	20.95	13.95	20.34	6.19
07/01/21	97.03	-0.25	-0.26	1.31	18.32	22.45	17.86	21.83	6.34
07/02/21	97.37	0.34	0.35	1.25	16.03	21.30	15.58	20.70	5.34
07/06/21	97.40	0.03	0.04	1.24	22.57	26.13	22.19	25.60	10.87
07/07/21	97.71	0.31	0.32	1.19	19.28	24.41	18.90	23.90	9.73
07/08/21	97.80	0.08	0.09	1.17	21.73	27.11	21.37	26.66	12.01
07/09/21	97.69	-0.11	-0.11	1.19	16.91	23.26	16.52	22.76	8.06
07/12/21	97.67	-0.02	-0.03	1.20	17.76	22.94	17.38	22.42	8.31
07/13/21	96.73	-0.94	-0.96	1.36	29.02	34.30	28.62	33.79	19.69
07/14/21	96.81	0.08	0.08	1.35	32.81	37.77	32.44	37.30	23.90
07/15/21	97.87	1.06	1.09	1.16	17.72	23.10	17.28	22.57	9.70
07/16/21	97.73	-0.14	-0.15	1.19	20.97	25.23	20.53	24.71	11.73
07/19/21	98.21	0.48	0.49	1.10	21.54	26.59	21.08	26.11	14.17
07/20/21	98.34	0.13	0.13	1.08	19.78	25.09	19.38	24.63	11.77
07/21/21	97.80	-0.54	-0.55	1.18	22.13	28.14	21.76	27.69	14.39
07/22/21	98.18	0.38	0.38	1.11	16.22	23.42	15.83	22.95	9.54
07/23/21	98.46	0.28	0.29	1.06	12.83	17.34	12.44	16.85	3.29
07/26/21	98.23	-0.23	-0.23	1.10	15.20	21.96	14.82	21.49	7.77
07/27/21	98.34	0.11	0.11	1.08	16.22	22.88	15.80	22.41	9.19
07/28/21	98.31	-0.03	-0.03	1.09	16.57	20.52	16.17	20.03	7.11
07/29/21	98.28	-0.03	-0.03	1.09	13.08	21.29	12.71	20.81	6.99
07/30/21	98.00	-0.28	-0.28	1.14	22.86	29.08	22.50	28.65	14.44
08/02/21	98.73	0.73	0.75	1.02	14.66	22.14	14.26	21.69	8.08
08/03/21	98.68	-0.06	-0.06	1.03	16.86	23.18	16.51	22.77	7.98
08/04/21	98.54	-0.13	-0.13	1.05	17.00	23.31	16.62	22.89	8.20
08/05/21	98.27	-0.28	-0.28	1.10	16.55	23.90	16.17	23.46	9.04
08/06/21	97.84	-0.42	-0.43	1.17	18.75	25.76	18.35	25.28	10.59
08/09/21	97.69	-0.16	-0.16	1.20	18.41	25.47	17.98	24.98	10.33
08/10/21	97.75	0.07	0.07	1.19	14.61	21.45	14.15	20.90	6.39
08/11/21	97.65	-0.10	-0.11	1.21	18.76	24.03	18.32	23.51	8.67
08/12/21	97.65	0.00	0.00	1.21	16.48	22.54	16.02	22.00	6.97
08/13/21	97.71	0.06	0.06	1.20	21.29	26.50	20.88	26.00	11.81
08/16/21	98.04	0.33	0.34	1.14	17.24	24.79	16.79	24.29	38.91
08/17/21	98.09	0.05	0.05	1.13	16.38	23.20	15.91	22.68	36.84
08/18/21	97.67	-0.42	-0.43	1.20	23.42	29.17	22.99	28.67	42.79
08/19/21	97.96	0.29	0.30	1.15	19.08	25.85	18.60	25.33	38.81
08/20/21	98.05	0.09	0.09	1.14	16.10	21.87	15.62	21.32	35.33
08/23/21	98.10	0.05	0.05	1.13	16.66	22.08	16.19	21.53	35.90
08/24/21	97.76	-0.34	-0.35	1.19	19.42	25.81	18.98	25.28	39.77
08/25/21	97.99	0.23	0.23	1.15	10.21	18.09	9.65	17.50	32.84
08/26/21	97.92	-0.06	-0.07	1.16	11.34	18.59	10.84	18.01	32.67
08/27/21	98.32	0.39	0.40	1.09	8.16	15.61	7.66	15.05	29.66
08/30/21	98.01	-0.30	-0.31	1.15	16.96	23.61	16.54	23.11	37.76
08/31/21	97.80	-0.22	-0.22	1.18	20.19	26.99	19.57	26.56	41.70
09/01/21	98.26	0.46	0.47	1.10	11.58	18.28	11.17	17.80	32.20
09/02/21	98.25	-0.01	-0.01	1.10	13.16	18.89	12.74	18.41	32.84
09/03/21	98.16	-0.09	-0.09	1.12	11.54	19.40	11.15	18.93	33.45
09/07/21	98.07	-0.09	-0.09	1.14	10.07	16.88	9.67	16.38	31.67
09/08/21	98.39	0.32	0.32	1.08	5.67	13.37	5.24	12.86	27.38
09/09/21	98.31	-0.08	-0.08	1.09	9.66	17.27	9.24	16.79	30.73
09/10/21	98.17	-0.14	-0.14	1.12	8.97	16.32	8.54	15.81	30.43
09/13/21	99.21	1.04	1.06	0.94	-8.71	-0.53	-9.34	-1.18	13.37
09/14/21	97.94	-1.28	-1.29	1.16	15.17	24.89	14.70	24.40	38.24
09/15/21	97.78	-0.15	-0.16	1.19	17.72	25.42	17.27	24.92	39.05
09/16/21	97.82	0.03	0.03	1.18	12.66	21.58	12.20	21.08	34.92
09/17/21	98.20	0.39	0.40	1.11	3.58	11.03	3.06	10.45	24.83
09/20/21	98.23	0.03	0.03	1.11	7.17	15.28	6.65	14.72	28.87
09/21/21	98.13	-0.10	-0.11	1.13	8.77	16.18	8.25	15.62	30.08
09/22/21	97.92	-0.20	-0.21	1.17	10.86	16.79	10.30	16.19	29.85
09/23/21	97.93	0.01	0.01	1.16	0.97	10.11	0.32	9.43	23.73
09/24/21	97.58	-0.35	-0.36	1.23	7.05	12.72	6.45	12.04	27.23
09/27/21	97.40	-0.17	-0.18	1.26	6.40	13.28	5.76	12.57	27.80
09/28/21	97.44	0.04	0.05	1.25	2.83	9.54	2.17	8.80	24.39
09/29/21	97.41	-0.04	-0.04	1.26	6.49	11.04	5.89	10.33	26.18
09/30/21	97.66	0.25	0.25	1.21	4.81	7.90	4.21	7.18	23.08
10/01/21	98.03	0.37	0.38	1.15	1.79	8.18	1.22	7.52	21.71
10/04/21	97.86	-0.16	-0.17	1.18	3.41	9.24	2.85	8.57	23.20
10/05/21	97.54	-0.32	-0.33	1.24	6.37	11.23	5.81	10.54	25.90
10/06/21	97.42	-0.13	-0.13	1.26	7.94	13.38	7.38	12.70	27.54
10/07/21	97.40	-0.02	-0.02	1.26	3.44	10.08	2.82	9.34	24.36
10/08/21	97.03	-0.36	-0.37	1.33	5.84	14.01	5.20	13.28	28.13
10/11/21	96.73	-0.31	-0.31	1.38	11.29	15.69	10.69	14.94	33.74
10/12/21	96.81	0.08	0.08	1.37	10.38	16.35	9.76	15.61	29.77
10/13/21	96.82	0.01	0.02	1.37	12.06	15.86	11.40	15.08	28.19
10/14/21	97.08	0.26	0.27	1.32	9.49	14.60	8.80	13.83	27.06
10/15/21	96.46	-0.62	-0.64	1.43	14.68	19.06	13.98	18.24	31.30
10/18/21	96.90	0.44	0.46	1.35	2.75	7.79	1.91	6.84	19.56
10/19/21	96.78	-0.13	-0.13	1.38	5.13	8.94	4.32	7.97	22.37
10/20/21	96.87	0.10	0.10	1.36	1.94	7.23	1.11	6.27	21.27
10/21/21	96.57	-0.31	-0.32	1.42	1.11	7.36	0.18	6.30	20.48
10/22/21	95.58	-0.98	-1.02	1.60	23.48	26.75	22.68	25.81	38.89
10/25/21	96.17	0.59	0.62	1.49	13.00	18.94	12.17	17.99	31.41
10/26/21	96.26	0.09	0.09	1.47	11.98	17.44	11.11	16.45	29.31
10/27/21	96.40	0.14	0.14	1.45	13.71	19.81	12.85	18.84	31.28
10/28/21	96.18	-0.21	-0.22	1.49	18.35	19.94	17.53	18.95	31.42
10/29/21	95.86	-0.32	-0.33	1.55	24.61	26.37	23.75	25.37	37.04
11/01/21	96.07	0.21	0.22	1.51	18.73	21.62	17.87	20.65	32.22
11/02/21	96.14	0.07	0.08	1.50	17.93	24.31	17.14	23.44	34.84
11/03/21	96.21	0.06	0.07	1.49	13.12	19.90	12.30	18.99	29.96
11/04/21	96.67	0.47	0.48	1.40	11.06	19.17	10.29	18.36	29.67
11/05/21	97.03	0.36	0.37	1.33	11.62	17.87	10.85	17.06	28.25
11/08/21	96.71	-0.32	-0.33	1.39	11.65	17.25	10.82	16.37	27.40
11/09/21	96.91	0.20	0.21	1.36	12.23	19.37	11.37	18.50	28.92
11/10/21	96.05	-0.86	-0.89	1.52	14.62	22.36	13.73	21.40	30.50
11/11/21	95.89	-0.16	-0.17	1.55	18.12	20.77	17.23	19.79	33.58
11/12/21	95.84	-0.04	-0.04	1.56	16.93	21.64	16.05	20.64	31.94
11/15/21	95.63	-0.21	-0.22	1.60	17.71	24.64	16.81	23.65	33.98
11/16/21	95.61	-0.02	-0.02	1.60	16.00	24.05	15.06	23.02	33.62
11/17/21	95.73	0.12	0.13	1.58	17.67	24.54	16.75	23.56	34.15
11/18/21	96.15	0.42	0.44	1.50	10.70	17.98	9.77	16.98	27.84
11/19/21	95.92	-0.23	-0.24	1.54	15.31	25.03	14.39	24.06	34.26
11/22/21	95.69	-0.24	-0.25	1.59	9.61	18.94	8.60	17.87	27.97
11/23/21	95.69	0.00	0.00	1.59	8.16	16.96	7.14	15.87	26.80
11/24/21	95.31	-0.38	-0.39	1.66	15.52	24.44	14.50	23.38	32.88
11/26/21	96.20	0.89	0.93	1.49	17.01	23.27	16.07	22.26	31.75
11/29/21	95.53	-0.67	-0.69	1.62	29.02	35.07	28.19	34.18	43.73
11/30/21	96.05	0.51	0.54	1.52	22.00	30.10	20.93	29.18	38.02
12/01/21	95.81	-0.24	-0.25	1.57	27.06	34.50	26.20	33.58	41.75
12/02/21	95.67	-0.14	-0.15	1.60	23.91	33.35	23.01	32.42	38.92
12/03/21	96.24	0.57	0.60	1.49	20.92	31.68	19.89	30.68	36.57
12/06/21	95.95	-0.29	-0.30	1.55	17.99	27.65	16.94	26.58	33.43
12/07/21	95.95	0.00	0.00	1.55	13.06	23.68	11.92	22.59	28.86
12/08/21	95.80	-0.15	-0.16	1.57	14.61	25.56	13.62	24.54	31.39
12/09/21	96.03	0.22	0.23	1.53	11.61	21.86	10.54	20.78	27.39
12/10/21	95.95	-0.07	-0.07	1.55	15.26	23.83	14.34	22.88	29.43
12/13/21	96.11	0.15	0.16	1.52	17.81	25.22	16.81	24.21	30.56
12/14/21	95.92	-0.19	-0.20	1.55	18.30	26.77	17.33	25.77	32.10
12/15/21	95.86	-0.06	-0.06	1.57	19.21	25.28	18.24	24.27	30.74
12/16/21	96.52	0.66	0.69	1.44	14.55	20.74	13.61	19.77	26.87
12/17/21	96.34	-0.19	-0.20	1.48	17.99	24.66	17.08	23.71	30.00
12/20/21	96.46	0.13	0.13	1.45	13.90	22.67	12.98	21.73	28.51
12/21/21	96.18	-0.28	-0.29	1.51	14.45	21.09	13.53	20.15	27.34
12/22/21	96.32	0.14	0.15	1.48	11.31	20.73	10.34	19.77	26.16
12/23/21	96.26	-0.06	-0.06	1.49	10.17	18.68	9.21	17.69	24.86
12/27/21	96.27	0.00	0.00	1.49	10.81	18.58	9.78	17.56	24.26
12/28/21	96.63	0.36	0.38	1.42	3.76	12.51	2.60	11.44	18.10
12/29/21	96.39	-0.24	-0.25	1.47	4.14	13.21	3.12	12.16	18.96
12/30/21	96.87	0.49	0.50	1.38	-1.48	5.30	-2.57	4.17	11.61
12/31/21	96.90	0.03	0.03	1.37	-2.32	6.86	-3.43	5.82	12.35
01/03/22	96.19	-0.71	-0.73	1.51	2.37	9.14	1.31	8.11	14.09
01/04/22	95.94	-0.25	-0.26	1.56	6.02	12.53	5.02	11.51	18.38
01/05/22	95.68	-0.26	-0.27	1.61	4.52	11.92	3.51	10.87	17.30
01/06/22	95.46	-0.22	-0.23	1.65	5.31	12.26	4.30	11.25	17.53
01/07/22	95.34	-0.12	-0.12	1.67	3.48	11.51	2.48	10.50	16.99
01/10/22	95.19	-0.15	-0.16	1.70	4.08	11.51	3.06	10.47	16.95
01/11/22	95.04	-0.14	-0.15	1.73	9.71	17.23	8.72	16.23	22.68
01/12/22	95.21	0.16	0.17	1.70	6.45	15.78	5.41	14.76	21.08
01/13/22	95.18	-0.03	-0.03	1.71	11.76	17.69	10.79	16.69	22.58
01/14/22	94.77	-0.41	-0.43	1.79	11.09	19.53	10.09	18.54	24.20
01/18/22	94.32	-0.45	-0.48	1.88	9.61	18.38	8.52	17.31	22.86
01/19/22	94.65	0.33	0.35	1.81	5.05	15.45	3.89	14.34	20.36
01/20/22	94.46	-0.19	-0.20	1.85	14.65	16.17	13.61	15.05	23.35
01/21/22	94.70	0.23	0.25	1.80	12.95	19.73	11.89	18.66	26.10
01/24/22	94.53	-0.16	-0.17	1.84	17.23	26.17	16.18	25.14	32.62
01/25/22	93.94	-0.59	-0.63	1.96	28.99	32.90	27.98	31.87	38.78
01/26/22	94.15	0.21	0.23	1.91	12.69	21.23	11.58	20.11	27.43
01/27/22	93.87	-0.28	-0.30	1.97	22.17	26.62	21.16	25.59	31.21
01/28/22	93.80	-0.07	-0.07	1.98	26.89	32.77	25.93	31.82	36.28
01/31/22	94.12	0.31	0.34	1.92	21.49	28.24	20.55	27.32	30.94
02/01/22	94.05	-0.07	-0.07	1.94	22.23	28.76	21.23	27.81	31.50
02/02/22	94.50	0.45	0.48	1.85	14.68	21.99	13.64	20.98	24.98
02/03/22	94.07	-0.43	-0.46	1.94	17.63	24.52	16.59	23.52	27.54
02/04/22	93.53	-0.54	-0.57	2.04	17.93	24.22	16.87	23.22	25.91
02/07/22	93.51	-0.02	-0.02	2.05	18.61	27.11	17.52	26.11	28.79
02/08/22	93.36	-0.15	-0.16	2.08	16.19	25.91	15.13	24.90	27.52
02/09/22	93.64	0.28	0.30	2.02	10.84	20.86	9.70	19.81	22.66
02/10/22	92.71	-0.93	-0.99	2.21	17.36	26.70	16.30	25.73	26.40
02/11/22	93.07	0.36	0.39	2.14	18.18	27.10	17.07	26.10	26.50
02/14/22	92.63	-0.44	-0.47	2.23	22.57	30.38	21.25	29.20	30.06
02/15/22	92.54	-0.10	-0.11	2.25	21.04	30.12	19.74	28.93	30.54
02/16/22	92.76	0.22	0.24	2.21	18.82	27.42	17.54	26.24	28.14
02/17/22	92.88	0.12	0.13	2.18	24.64	31.79	23.39	30.64	32.56
02/18/22	92.80	-0.08	-0.08	2.20	29.13	36.15	27.90	35.01	36.94
02/22/22	92.66	-0.14	-0.15	2.23	27.39	36.50	26.18	35.40	35.39
02/23/22	92.30	-0.36	-0.39	2.30	30.51	40.62	29.35	39.57	40.37
02/24/22	92.53	0.23	0.24	2.26	29.40	38.60	28.32	37.58	39.09
02/25/22	92.65	0.12	0.13	2.23	26.65	33.33	25.56	32.29	33.58
02/28/22	93.14	0.49	0.53	2.14	31.93	39.44	30.37	38.41	40.06
03/01/22	94.05	0.91	0.98	1.95	27.64	37.03	26.55	35.76	40.04
03/02/22	93.23	-0.82	-0.87	2.12	27.65	33.75	26.63	32.48	36.68
03/03/22	93.07	-0.16	-0.17	2.15	31.86	38.64	30.90	37.42	41.66
03/04/22	93.52	0.45	0.48	2.06	32.58	40.31	31.38	38.85	43.45
03/07/22	93.25	-0.26	-0.28	2.12	32.99	39.53	31.75	38.00	42.81
03/08/22	92.00	-1.26	-1.35	2.38	52.09	53.91	51.05	52.52	57.15
03/09/22	91.90	-0.10	-0.11	2.40	43.70	48.79	42.58	47.34	51.87
03/10/22	92.17	0.27	0.30	2.34	33.79	37.18	32.58	35.66	40.31
03/11/22	92.38	0.21	0.22	2.30	27.12	31.03	25.88	29.46	34.15
03/14/22	90.77	-1.61	-1.74	2.64	45.75	50.88	44.71	49.48	54.61
03/15/22	91.22	0.45	0.50	2.54	34.77	39.37	33.65	37.89	42.85
03/16/22	91.00	-0.22	-0.24	2.59	29.92	36.40	28.78	34.93	39.45
03/17/22	90.93	-0.07	-0.08	2.61	37.17	39.56	36.16	38.10	43.89
03/18/22	91.01	0.08	0.09	2.59	35.68	40.51	35.19	39.63	44.65
03/21/22	90.52	-0.49	-0.54	2.70	29.67	31.41	29.13	30.46	35.73
03/22/22	90.16	-0.36	-0.40	2.77	30.44	34.79	29.37	33.27	38.89
03/23/22	90.63	0.48	0.53	2.67	28.71	30.71	27.67	29.27	33.64
03/24/22	90.25	-0.39	-0.42	2.76	29.81	36.40	28.83	35.02	38.29
03/25/22	89.88	-0.36	-0.40	2.84	23.05	25.24	21.99	23.77	26.09
03/28/22	89.84	-0.05	-0.05	2.85	21.76	26.01	20.78	24.59	28.57
03/29/22	90.30	0.46	0.51	2.75	19.70	23.66	18.79	22.26	26.25
03/30/22	90.87	0.57	0.63	2.63	14.97	15.91	13.47	13.94	17.61
03/31/22	90.45	-0.42	-0.46	2.72	21.98	28.04	20.67	26.41	29.57
04/01/22	90.05	-0.39	-0.44	2.81	20.95	25.02	19.81	23.57	25.89
04/04/22	90.17	0.11	0.13	2.78	21.05	21.39	19.91	19.92	22.89
04/05/22	89.66	-0.51	-0.57	2.89	17.05	19.20	15.85	17.71	19.95
04/06/22	89.50	-0.16	-0.18	2.93	20.81	21.94	19.66	20.48	22.79
04/07/22	89.86	0.36	0.40	2.85	10.80	14.77	9.55	13.22	16.26
04/08/22	89.17	-0.70	-0.77	3.00	19.93	23.23	18.75	21.72	24.75
04/11/22	88.89	-0.28	-0.31	3.07	22.13	26.60	20.96	25.08	28.57
04/12/22	89.32	0.43	0.48	2.98	22.38	28.95	21.13	27.42	30.40
04/13/22	89.39	0.08	0.09	2.96	25.70	31.41	24.45	29.87	31.91
04/14/22	88.80	-0.60	-0.67	3.09	25.87	32.22	24.54	30.61	33.04
04/18/22	88.69	-0.11	-0.13	3.12	28.91	31.32	27.47	29.71	32.53
04/19/22	88.19	-0.50	-0.56	3.23	25.52	33.90	24.26	32.36	34.49
04/20/22	88.36	0.17	0.20	3.19	27.98	33.61	26.90	32.22	33.84
04/21/22	87.63	-0.73	-0.83	3.36	33.24	38.81	32.24	37.45	37.87
04/22/22	87.52	-0.11	-0.12	3.38	40.43	43.88	39.57	42.64	43.61
04/25/22	87.94	0.42	0.48	3.29	37.81	44.34	36.90	43.11	43.31
04/26/22	88.58	0.63	0.72	3.15	35.50	37.74	34.54	36.46	35.93
04/27/22	88.40	-0.18	-0.20	3.19	28.98	39.74	28.00	38.43	38.20
04/28/22	88.06	-0.34	-0.39	3.27	34.03	40.39	32.88	38.84	38.66
04/29/22	87.98	-0.08	-0.09	3.29	24.44	38.47	23.23	36.89	37.00
05/02/22	87.55	-0.43	-0.49	3.39	29.98	38.01	28.78	36.30	37.17
05/03/22	88.16	0.61	0.70	3.26	15.00	25.63	13.77	23.97	25.23
05/04/22	87.92	-0.24	-0.27	3.31	30.41	42.56	29.39	41.02	41.65
05/05/22	87.47	-0.45	-0.51	3.41	32.55	38.20	31.51	36.64	38.69
05/06/22	87.47	0.00	0.00	3.41	25.24	35.92	24.04	34.23	36.67
05/09/22	87.69	0.21	0.24	3.37	35.94	37.65	34.77	35.96	38.62
05/10/22	88.03	0.34	0.39	3.29	31.49	36.12	30.38	34.49	37.49
05/11/22	88.15	0.13	0.15	3.27	30.97	37.68	29.94	36.14	38.83
05/12/22	88.62	0.46	0.53	3.16	27.39	37.13	26.35	35.63	38.30
05/13/22	88.01	-0.60	-0.68	3.30	38.60	39.88	37.61	38.30	41.50
05/16/22	88.35	0.33	0.38	3.23	35.72	40.78	34.77	39.40	41.24
05/17/22	87.74	-0.61	-0.69	3.37	37.48	42.24	36.59	40.86	41.99
05/18/22	88.10	0.36	0.41	3.29	35.95	41.79	35.05	40.48	39.59
05/19/22	88.18	0.08	0.09	3.27	40.75	44.48	39.93	43.16	42.30
05/20/22	88.79	0.61	0.70	3.14	30.73	35.15	29.82	33.81	32.77
05/23/22	88.02	-0.78	-0.88	3.31	42.42	47.07	41.63	45.82	43.77
05/24/22	88.58	0.57	0.64	3.19	41.61	46.54	40.73	45.24	42.98
05/25/22	88.83	0.25	0.28	3.13	37.93	44.41	37.08	43.15	41.46
05/26/22	89.06	0.23	0.26	3.08	32.50	39.29	31.69	38.02	35.87
05/27/22	89.21	0.15	0.17	3.05	28.79	33.05	27.96	31.72	30.32
05/31/22	89.09	-0.13	-0.14	3.08	22.54	29.04	21.77	27.84	25.86
06/01/22	88.57	-0.52	-0.58	3.20	24.59	27.54	23.88	26.30	26.09
06/02/22	88.64	0.07	0.08	3.18	23.30	29.93	22.60	28.75	27.49
06/03/22	88.51	-0.13	-0.15	3.21	23.57	22.74	22.90	21.32	26.37
06/06/22	88.07	-0.45	-0.51	3.32	22.72	29.13	22.01	27.87	28.47
06/07/22	88.29	0.22	0.25	3.27	23.26	30.26	22.60	29.11	28.74
06/08/22	88.07	-0.22	-0.24	3.32	25.07	31.24	24.41	30.10	28.73
06/09/22	87.98	-0.09	-0.10	3.34	21.55	30.51	20.84	29.42	27.71
06/10/22	86.97	-1.02	-1.16	3.58	28.04	35.44	27.49	34.36	32.37
06/13/22	85.80	-1.16	-1.34	3.85	33.71	41.68	33.22	40.57	37.31
06/14/22	85.32	-0.48	-0.56	3.97	33.41	42.07	32.88	41.12	36.80
06/15/22	85.90	0.57	0.67	3.83	42.21	40.97	41.57	39.81	36.27
06/16/22	86.18	0.28	0.33	3.77	44.99	43.57	44.49	42.49	39.28
06/17/22	86.36	0.18	0.21	3.73	34.72	44.42	34.13	43.41	38.63
06/21/22	86.28	-0.08	-0.09	3.75	34.72	40.13	34.11	38.96	37.13
06/22/22	86.84	0.56	0.65	3.62	35.13	42.21	34.42	41.01	39.56
06/23/22	87.12	0.28	0.33	3.56	38.01	45.93	37.35	44.88	42.33
06/24/22	87.00	-0.13	-0.15	3.59	36.82	45.81	36.13	44.74	41.36
06/27/22	86.87	-0.13	-0.15	3.63	34.63	40.59	33.88	39.44	36.74
06/28/22	86.70	-0.17	-0.20	3.67	39.19	43.93	38.47	42.85	39.94
06/29/22	87.05	0.36	0.41	3.59	40.04	46.33	39.47	45.40	42.65
06/30/22	87.63	0.58	0.66	3.45	38.16	48.47	37.63	47.62	44.39
07/01/22	88.07	0.44	0.50	3.35	44.32	50.68	43.79	49.93	45.68
07/05/22	88.14	0.07	0.08	3.34	48.55	56.86	47.93	56.07	52.49
07/06/22	88.16	0.02	0.03	3.34	31.96	39.48	31.26	38.55	38.66
07/07/22	87.40	-0.77	-0.87	3.52	45.02	46.50	44.49	45.62	46.11
07/08/22	87.13	-0.27	-0.31	3.58	42.20	46.40	41.65	45.61	43.90
07/11/22	87.95	0.82	0.95	3.39	31.39	36.18	30.80	35.35	34.55
07/12/22	88.02	0.07	0.08	3.38	34.37	38.41	33.77	37.60	36.25
07/13/22	87.29	-0.73	-0.83	3.55	52.45	53.52	52.15	52.93	53.27
07/14/22	87.55	0.25	0.29	3.49	41.08	42.71	40.66	41.96	42.89
07/15/22	87.58	0.03	0.04	3.49	44.37	45.94	44.01	45.36	43.28
07/18/22	87.78	0.20	0.23	3.44	35.14	40.71	34.80	40.15	37.27
07/19/22	87.34	-0.45	-0.51	3.55	41.94	41.89	41.62	41.28	40.01
07/20/22	87.45	0.11	0.13	3.52	36.88	36.66	36.44	35.99	34.62
07/21/22	88.42	0.97	1.11	3.30	33.65	32.34	33.18	31.61	29.21
07/22/22	89.21	0.79	0.90	3.12	27.95	29.47	27.33	28.73	24.50
07/25/22	88.86	-0.35	-0.39	3.20	31.27	35.08	30.72	34.44	29.89
07/26/22	88.91	0.05	0.05	3.19	27.27	34.19	26.77	33.58	30.69
07/27/22	89.71	0.81	0.91	3.01	13.95	23.94	13.44	23.27	20.48
07/28/22	90.09	0.38	0.42	2.92	19.45	25.02	18.88	24.31	21.05
07/29/22	90.40	0.30	0.34	2.86	14.19	19.97	13.69	19.32	15.36
08/01/22	90.50	0.11	0.12	2.83	16.37	20.14	16.00	19.65	15.54
08/02/22	89.52	-0.98	-1.08	3.06	17.69	20.59	17.39	20.08	20.03
08/03/22	89.58	0.06	0.06	3.05	17.53	19.26	17.18	18.74	17.69
08/04/22	90.23	0.65	0.72	2.90	6.53	16.42	6.17	15.94	12.85
08/05/22	88.97	-1.26	-1.40	3.19	20.05	24.31	19.95	24.03	22.02
08/08/22	89.13	0.16	0.19	3.16	21.34	27.43	21.22	27.15	24.72
08/09/22	88.79	-0.34	-0.38	3.24	24.77	26.71	24.67	26.39	25.86
08/10/22	89.16	0.37	0.41	3.15	19.21	23.63	19.08	23.28	23.29
08/11/22	89.10	-0.06	-0.06	3.17	13.80	19.34	13.62	18.93	18.18
08/12/22	89.63	0.53	0.59	3.05	3.98	7.13	3.87	6.74	7.06
08/15/22	89.51	-0.12	-0.13	3.08	13.60	16.66	13.65	16.41	16.68
08/16/22	89.37	-0.15	-0.17	3.11	12.93	14.24	13.01	13.98	15.77
08/17/22	88.94	-0.43	-0.48	3.21	12.77	14.78	12.89	14.51	16.88
08/18/22	89.17	0.23	0.26	3.16	9.79	10.92	9.83	10.54	13.19
08/19/22	88.38	-0.79	-0.89	3.35	22.53	21.36	22.63	21.02	23.62
08/22/22	88.08	-0.30	-0.34	3.42	22.31	21.94	22.41	21.57	24.70
08/23/22	88.11	0.03	0.04	3.42	20.31	21.53	20.36	21.06	24.04
08/24/22	87.81	-0.30	-0.35	3.49	21.57	23.93	21.58	23.48	25.96
08/25/22	88.33	0.53	0.60	3.37	13.18	16.69	13.21	16.25	18.50
08/26/22	88.35	0.02	0.02	3.36	6.89	12.60	7.00	12.30	14.47
08/29/22	87.90	-0.45	-0.51	3.47	12.09	16.46	12.20	16.14	18.33
08/30/22	87.77	-0.13	-0.15	3.51	14.14	18.18	14.33	17.93	20.48
08/31/22	87.44	-0.33	-0.37	3.58	17.32	25.99	16.79	25.94	27.74
09/01/22	86.96	-0.48	-0.55	3.70	23.13	26.04	23.45	25.92	29.47
09/02/22	87.59	0.63	0.73	3.55	17.89	24.08	18.10	23.96	25.64
09/06/22	86.85	-0.74	-0.85	3.74	20.96	28.01	21.16	27.89	29.26
09/07/22	87.27	0.42	0.48	3.64	20.57	25.32	20.74	25.19	27.76
09/08/22	87.20	-0.07	-0.08	3.66	16.67	23.55	16.94	23.51	26.03
09/09/22	86.90	-0.30	-0.34	3.73	23.19	26.81	23.59	26.92	28.33
09/12/22	87.00	0.10	0.12	3.71	19.37	23.78	19.72	23.86	25.21
09/13/22	86.42	-0.58	-0.67	3.85	21.44	27.15	22.01	27.56	26.11
09/14/22	86.31	-0.11	-0.13	3.88	19.95	30.31	20.65	30.77	28.64
09/15/22	85.98	-0.33	-0.38	3.97	20.83	30.42	21.60	30.94	29.11
09/16/22	86.17	0.20	0.23	3.92	19.24	31.86	19.94	32.42	29.13
09/19/22	86.02	-0.16	-0.18	3.96	18.05	29.82	18.80	30.48	26.80
09/20/22	85.74	-0.28	-0.32	4.03	18.21	28.44	19.03	28.96	28.16
09/21/22	85.96	0.22	0.26	3.98	10.16	26.46	11.16	27.14	26.55
09/22/22	84.94	-1.02	-1.19	4.24	21.33	29.74	22.31	30.43	30.88
09/23/22	84.96	0.02	0.02	4.23	16.51	22.11	17.45	22.70	24.75
09/26/22	83.87	-1.08	-1.27	4.51	26.64	31.77	27.37	32.25	35.43
09/27/22	83.86	-0.01	-0.01	4.52	32.35	26.05	32.84	26.25	30.78
09/28/22	84.86	1.00	1.19	4.27	26.00	30.78	26.39	30.90	35.05
09/29/22	84.54	-0.32	-0.38	4.35	26.62	32.15	27.01	32.34	37.87
09/30/22	84.39	-0.15	-0.17	4.39	23.87	30.16	24.42	30.38	35.15
10/03/22	84.88	0.49	0.58	4.27	31.87	37.15	32.45	37.53	38.39
10/04/22	85.15	0.26	0.31	4.21	30.64	34.53	31.28	34.98	36.85
10/05/22	84.92	-0.22	-0.26	4.27	23.45	28.31	23.94	28.63	30.43
10/06/22	84.32	-0.60	-0.71	4.42	31.44	33.19	32.17	33.61	35.81
10/07/22	84.07	-0.25	-0.30	4.49	29.57	32.92	30.32	33.42	34.87
10/10/22	83.88	-0.18	-0.22	4.54	34.80	34.23	35.61	34.69	40.23
10/11/22	84.08	0.20	0.24	4.49	27.59	30.50	28.28	30.94	32.14
10/12/22	84.18	0.10	0.12	4.47	30.04	31.55	30.77	31.88	35.24
10/13/22	83.93	-0.25	-0.30	4.53	30.20	27.77	31.51	28.37	32.24
10/14/22	83.63	-0.30	-0.36	4.61	31.04	30.64	32.34	31.33	34.45
10/17/22	84.07	0.44	0.53	4.51	23.46	23.34	24.70	23.94	26.76
10/18/22	83.85	-0.22	-0.27	4.56	29.57	31.12	30.75	31.72	34.86
10/19/22	83.36	-0.49	-0.58	4.69	29.11	28.51	30.38	29.03	34.17
10/20/22	83.09	-0.27	-0.33	4.77	26.61	25.92	27.85	26.31	31.85
10/21/22	83.55	0.46	0.55	4.65	25.38	25.03	26.46	25.36	29.57
10/24/22	83.48	-0.07	-0.09	4.67	26.70	29.34	27.75	29.80	31.91
10/25/22	83.91	0.43	0.52	4.57	23.17	28.44	24.31	29.12	30.98
10/26/22	84.21	0.31	0.36	4.49	24.15	27.37	25.41	28.13	29.51
10/27/22	84.58	0.37	0.44	4.40	26.62	29.41	27.69	30.20	30.37
10/28/22	84.11	-0.47	-0.55	4.52	25.11	31.85	26.38	32.74	32.13
10/31/22	84.09	-0.02	-0.02	4.53	21.03	27.43	22.52	28.69	27.11
11/01/22	84.17	0.08	0.09	4.51	13.20	24.77	14.70	26.07	25.50
11/02/22	84.19	0.02	0.02	4.51	7.42	21.85	9.07	23.11	25.60
11/03/22	83.62	-0.57	-0.67	4.66	17.21	26.96	19.04	28.48	30.64
11/04/22	83.75	0.13	0.15	4.62	18.27	26.87	20.06	28.36	29.81
11/07/22	83.94	0.19	0.22	4.58	10.64	16.74	12.46	18.28	19.27
11/08/22	84.01	0.08	0.09	4.57	17.28	22.41	19.12	23.98	26.17
11/09/22	84.33	0.32	0.38	4.48	15.71	17.01	17.54	18.47	20.51
11/10/22	85.82	1.49	1.76	4.10	6.20	16.35	7.91	17.85	16.51
11/11/22	85.60	-0.23	-0.26	4.16	12.16	19.30	13.83	20.81	22.43
11/14/22	85.80	0.20	0.23	4.12	5.14	11.11	6.87	12.61	12.35
11/15/22	86.18	0.38	0.44	4.02	4.59	10.18	6.17	11.66	10.38
11/16/22	86.30	0.12	0.14	4.00	7.28	13.17	8.99	14.74	14.73
11/17/22	86.03	-0.26	-0.30	4.06	3.95	10.96	5.64	12.57	12.70
11/18/22	85.99	-0.05	-0.06	4.08	-1.76	6.86	0.03	8.50	8.25
11/21/22	85.90	-0.09	-0.10	4.11	-1.80	8.30	-0.06	9.93	9.81
11/22/22	86.09	0.20	0.23	4.06	1.48	7.80	3.17	9.41	8.89
11/23/22	86.36	0.26	0.31	3.99	0.48	4.48	2.18	6.01	6.23
11/25/22	86.34	-0.02	-0.02	4.00	2.41	6.09	4.10	7.66	7.27
11/28/22	86.29	-0.04	-0.05	4.02	4.86	8.45	6.43	10.01	8.27
11/29/22	86.26	-0.03	-0.04	4.03	2.40	5.89	4.03	7.38	6.81
11/30/22	86.63	0.36	0.42	3.94	12.56	7.57	14.26	8.98	6.66
12/01/22	87.13	0.50	0.58	3.81	6.87	12.11	8.45	13.55	13.42
12/02/22	87.21	0.09	0.10	3.79	6.65	10.74	8.31	12.24	12.79
12/05/22	86.82	-0.40	-0.45	3.90	6.18	8.55	7.93	10.08	10.62
12/06/22	86.97	0.15	0.17	3.86	3.13	11.13	4.77	12.65	12.78
12/07/22	87.25	0.29	0.33	3.79	7.32	15.94	8.75	17.31	17.56
12/08/22	86.78	-0.48	-0.55	3.91	12.40	18.98	13.98	20.42	20.21
12/09/22	86.58	-0.19	-0.22	3.96	10.90	19.47	12.46	20.90	21.03
12/12/22	86.37	-0.21	-0.25	4.03	11.61	20.36	13.03	21.87	22.40
12/13/22	87.10	0.73	0.84	3.84	8.78	17.27	10.18	18.59	19.06
12/14/22	86.99	-0.11	-0.13	3.87	15.77	18.99	17.32	20.45	21.50
12/15/22	87.13	0.14	0.16	3.84	10.36	18.12	12.01	19.68	21.11
12/16/22	87.14	0.01	0.01	3.84	10.29	19.83	11.82	21.23	21.91
12/19/22	86.68	-0.45	-0.52	3.96	15.38	22.20	16.94	23.60	24.78
12/20/22	86.31	-0.37	-0.43	4.06	19.22	24.87	20.65	26.13	27.36
12/21/22	86.45	0.14	0.16	4.02	16.60	22.87	17.91	24.00	24.66
12/22/22	86.47	0.02	0.03	4.02	13.00	20.89	14.38	22.12	23.24
12/23/22	86.23	-0.25	-0.29	4.08	14.54	20.28	15.95	21.50	22.49
12/27/22	85.69	-0.53	-0.62	4.23	23.34	24.29	24.82	25.52	26.99
12/28/22	85.67	-0.02	-0.02	4.24	20.25	22.59	21.63	23.68	26.11
12/29/22	85.78	0.11	0.12	4.21	19.19	22.89	20.58	24.07	26.15
12/30/22	85.77	-0.01	-0.01	4.22	15.16	23.09	16.58	24.30	25.46
01/03/23	85.89	0.11	0.13	4.19	24.56	22.83	26.05	24.34	25.08
01/04/23	86.24	0.35	0.41	4.10	21.07	19.45	22.68	21.03	22.70
01/05/23	86.08	-0.16	-0.18	4.14	16.47	18.93	18.22	20.64	23.30
01/06/23	86.90	0.81	0.94	3.93	17.72	20.99	19.45	22.71	22.15
01/09/23	87.19	0.29	0.33	3.87	13.65	20.78	15.32	22.51	21.41
01/10/23	86.74	-0.44	-0.51	3.98	19.76	24.58	21.43	26.33	24.79
01/11/23	86.96	0.22	0.25	3.93	17.88	24.41	19.55	26.19	25.64
01/12/23	87.45	0.48	0.55	3.80	17.42	24.66	19.08	26.42	25.76
01/13/23	87.12	-0.33	-0.37	3.89	19.02	25.67	20.75	27.54	27.60
01/17/23	87.17	0.05	0.06	3.88	17.94	25.84	19.63	27.63	27.79
01/18/23	87.85	0.68	0.78	3.71	16.45	25.73	18.10	27.51	27.77
01/19/23	87.62	-0.23	-0.26	3.77	18.69	27.04	20.39	28.85	28.52
01/20/23	87.35	-0.27	-0.30	3.84	18.83	25.50	20.52	27.33	27.60
01/23/23	87.22	-0.14	-0.16	3.88	17.52	23.78	19.21	25.63	25.82
01/24/23	87.25	0.04	0.04	3.88	20.76	26.87	22.47	28.71	29.19
01/25/23	87.33	0.07	0.08	3.86	20.51	27.70	22.17	29.57	29.70
01/26/23	87.20	-0.13	-0.15	3.89	17.96	26.67	19.63	28.57	28.57
01/27/23	87.10	-0.10	-0.11	3.92	18.98	26.65	20.70	28.58	27.87
01/30/23	86.87	-0.23	-0.27	3.99	21.37	27.54	23.08	29.48	28.35
01/31/23	86.81	-0.06	-0.07	4.00	27.65	33.96	29.61	36.11	34.59
02/01/23	87.60	0.80	0.92	3.80	14.87	28.04	16.65	30.12	30.09
02/02/23	87.70	0.10	0.11	3.77	15.30	27.46	17.18	29.55	29.03
02/03/23	86.99	-0.72	-0.82	3.96	16.44	26.98	18.50	29.28	29.46
02/06/23	86.53	-0.46	-0.53	4.09	13.35	23.63	15.53	25.97	27.28
02/07/23	86.35	-0.18	-0.21	4.14	18.52	25.97	20.67	28.30	29.32
02/08/23	86.50	0.16	0.18	4.10	18.31	25.00	20.47	27.36	28.01
02/09/23	86.25	-0.25	-0.29	4.17	18.75	24.86	20.99	27.24	28.53
02/10/23	86.10	-0.15	-0.18	4.21	16.73	25.60	18.95	27.88	28.49
02/13/23	85.99	-0.11	-0.13	4.25	20.63	28.62	22.82	30.96	32.01
02/14/23	85.75	-0.24	-0.28	4.31	15.66	26.83	18.00	29.27	30.80
02/15/23	85.70	-0.06	-0.07	4.33	12.98	25.17	15.24	27.57	28.79
02/16/23	85.66	-0.04	-0.04	4.34	12.86	25.89	15.13	28.24	29.27
02/17/23	85.73	0.07	0.09	4.32	15.47	25.96	17.73	28.30	28.83
02/21/23	85.32	-0.41	-0.48	4.45	13.97	24.31	16.24	26.63	27.26
02/22/23	85.39	0.07	0.09	4.43	14.36	24.56	16.66	26.90	27.45
02/23/23	85.51	0.12	0.14	4.40	13.28	24.42	15.58	26.80	27.33
02/24/23	85.10	-0.41	-0.48	4.51	13.25	25.02	15.69	27.53	27.91
02/27/23	85.27	0.16	0.19	4.47	13.50	23.32	16.01	25.84	27.12
02/28/23	85.27	0.01	0.01	4.47	12.39	23.94	13.84	26.46	28.21
03/01/23	84.86	-0.42	-0.49	4.59	14.70	25.65	17.50	27.68	32.90
03/02/23	84.68	-0.17	-0.21	4.65	15.44	25.31	18.09	27.19	32.10
03/03/23	85.19	0.51	0.61	4.51	6.93	18.54	9.61	20.50	25.25
03/06/23	85.12	-0.08	-0.09	4.53	11.20	18.91	13.97	20.91	26.64
03/07/23	84.93	-0.19	-0.22	4.59	9.68	19.53	12.66	21.82	27.57
03/08/23	84.78	-0.15	-0.17	4.63	10.98	20.71	13.94	23.05	29.37
03/09/23	85.16	0.37	0.44	4.53	17.97	25.13	20.72	27.27	31.14
03/10/23	85.85	0.69	0.81	4.34	23.63	33.16	25.95	34.88	38.89
03/13/23	86.65	0.80	0.93	4.13	32.81	42.60	33.68	43.22	46.65
03/14/23	85.89	-0.76	-0.88	4.34	36.47	48.45	37.74	49.30	54.61
03/15/23	86.74	0.86	1.00	4.11	36.55	48.82	36.82	48.87	52.78
03/16/23	86.19	-0.55	-0.63	4.26	33.88	47.95	34.60	48.33	52.55
03/17/23	87.13	0.93	1.08	4.01	33.67	49.98	33.94	50.11	54.69
03/20/23	86.89	-0.23	-0.27	4.08	32.25	46.46	32.91	46.68	51.03
03/21/23	86.51	-0.39	-0.44	4.19	25.97	39.70	26.68	40.15	44.14
03/22/23	88.19	1.69	1.95	3.73	5.33	13.80	5.94	14.01	16.14
03/23/23	88.34	0.15	0.17	3.70	9.96	26.91	10.43	27.08	27.97
03/24/23	87.97	-0.37	-0.42	3.80	23.40	37.48	24.07	37.74	38.79
03/27/23	87.32	-0.65	-0.74	3.98	20.02	35.49	20.34	35.83	38.45
03/28/23	87.01	-0.31	-0.35	4.06	23.41	37.13	24.19	37.65	40.02
03/29/23	87.19	0.17	0.20	4.02	18.08	31.16	19.14	31.71	33.78
03/30/23	87.29	0.10	0.12	3.99	14.12	29.30	15.17	30.00	32.55
03/31/23	87.58	0.29	0.33	3.91	14.75	26.68	15.46	27.62	29.79
04/03/23	87.94	0.36	0.41	3.82	18.06	27.38	19.28	28.32	29.57
04/04/23	88.31	0.37	0.42	3.72	20.54	30.15	21.52	30.84	33.80
04/05/23	88.45	0.14	0.16	3.69	18.43	33.28	19.34	33.92	34.46
04/06/23	88.49	0.04	0.04	3.68	14.42	31.33	15.28	32.05	32.48
04/10/23	87.94	-0.55	-0.62	3.84	14.37	28.66	15.55	29.61	31.66
04/11/23	87.86	-0.08	-0.09	3.86	16.32	28.30	17.53	29.31	30.97
04/12/23	88.15	0.29	0.33	3.78	16.32	29.26	17.54	30.29	30.90
04/13/23	88.18	0.04	0.04	3.78	11.86	26.19	13.03	27.19	26.66
04/14/23	87.80	-0.39	-0.44	3.88	11.53	25.96	12.88	27.11	27.21
04/17/23	87.47	-0.33	-0.38	3.98	10.92	27.42	12.42	28.67	28.61
04/18/23	87.65	0.19	0.21	3.93	7.73	24.58	8.99	25.65	25.44
04/19/23	87.50	-0.15	-0.17	3.97	9.67	23.48	11.01	24.59	25.26
04/20/23	87.71	0.21	0.24	3.92	13.84	27.80	14.96	28.78	27.93
04/21/23	87.63	-0.08	-0.09	3.94	12.12	30.53	13.25	31.61	27.68
04/24/23	87.87	0.24	0.28	3.88	15.82	29.81	16.99	30.95	27.57
04/25/23	88.43	0.56	0.63	3.73	14.27	30.90	15.08	31.61	29.11
04/26/23	88.28	-0.15	-0.17	3.77	12.14	32.67	13.04	33.51	29.35
04/27/23	87.82	-0.46	-0.52	3.90	16.33	28.37	17.42	29.39	29.34
04/28/23	88.08	0.26	0.30	3.83	16.14	28.86	17.15	29.93	28.54
05/01/23	87.75	-0.33	-0.37	3.93	11.53	27.06	12.91	28.19	28.62
05/02/23	88.38	0.63	0.72	3.76	11.66	26.97	12.89	27.97	29.20
05/03/23	88.53	0.15	0.17	3.72	24.31	28.90	25.39	29.81	31.21
05/04/23	89.00	0.47	0.53	3.59	10.42	32.49	11.23	33.03	31.86
05/05/23	88.58	-0.42	-0.47	3.71	12.87	26.69	13.82	27.47	29.34
05/08/23	88.12	-0.46	-0.52	3.84	18.94	40.26	20.01	41.03	34.32
05/09/23	88.15	0.03	0.03	3.84	19.35	31.26	20.44	32.12	34.23
05/10/23	88.68	0.53	0.61	3.69	14.02	29.26	14.92	30.01	32.16
05/11/23	88.73	0.05	0.06	3.68	16.26	29.16	17.13	29.89	32.19
05/12/23	88.38	-0.35	-0.39	3.78	17.64	28.82	18.66	29.72	32.66
05/15/23	88.29	-0.09	-0.10	3.81	19.78	30.08	20.94	31.04	34.02
05/16/23	88.13	-0.16	-0.19	3.85	18.51	29.97	19.69	31.02	33.55
05/17/23	87.94	-0.19	-0.21	3.91	18.14	28.11	19.40	29.26	31.84
05/18/23	87.56	-0.38	-0.43	4.02	18.42	28.09	19.81	29.37	31.88
05/19/23	87.39	-0.18	-0.20	4.07	18.97	28.24	20.35	29.47	31.90
05/22/23	87.39	0.00	0.00	4.07	16.17	27.26	17.54	28.51	31.03
05/23/23	87.47	0.09	0.10	4.05	15.75	24.31	17.06	25.52	30.32
05/24/23	87.44	-0.03	-0.04	4.06	8.97	22.13	10.41	23.44	28.26
05/25/23	87.01	-0.43	-0.49	4.19	7.61	17.01	9.13	18.36	25.57
05/26/23	86.85	-0.16	-0.18	4.23	11.21	12.90	12.79	14.31	24.86
05/30/23	87.56	0.71	0.82	4.04	5.79	14.59	7.32	16.13	18.32
05/31/23	87.82	0.26	0.29	3.97	3.33	16.00	4.91	17.68	19.01
06/01/23	88.00	0.18	0.21	3.92	6.03	15.73	7.58	17.33	21.81
06/02/23	87.63	-0.36	-0.41	4.02	-0.15	11.35	1.50	13.14	18.48
06/05/23	87.67	0.04	0.04	4.02	4.76	12.41	6.47	14.20	19.24
06/06/23	87.63	-0.04	-0.05	4.03	3.72	10.08	5.47	11.92	17.86
06/07/23	87.30	-0.33	-0.37	4.13	3.66	14.53	5.55	16.36	21.18
06/08/23	87.42	0.12	0.13	4.10	5.78	17.25	7.66	19.12	24.05
06/09/23	87.22	-0.20	-0.23	4.16	5.53	15.81	7.47	17.77	23.68
06/12/23	87.23	0.01	0.01	4.16	10.12	17.14	12.27	19.09	24.72
06/13/23	86.91	-0.32	-0.36	4.25	6.57	14.76	8.64	16.83	23.55
06/14/23	86.99	0.08	0.09	4.23	4.91	13.65	7.13	15.82	22.60
06/15/23	87.36	0.37	0.42	4.13	0.82	11.56	3.01	13.69	20.82
06/16/23	87.18	-0.17	-0.20	4.18	-2.45	9.04	-0.33	11.14	18.98
06/20/23	87.26	0.08	0.09	4.17	0.06	11.52	2.09	13.59	21.13
06/21/23	87.21	-0.05	-0.06	4.19	1.23	13.94	3.26	16.02	23.38
06/22/23	86.85	-0.36	-0.42	4.29	2.95	14.74	5.09	16.92	24.94
06/23/23	86.98	0.13	0.15	4.26	4.23	16.63	6.30	18.78	26.46
06/26/23	87.12	0.14	0.16	4.22	3.28	16.10	5.37	18.23	25.87
06/27/23	86.88	-0.24	-0.28	4.29	4.03	15.03	6.09	17.19	26.29
06/28/23	87.04	0.16	0.18	4.25	5.81	17.53	7.92	19.74	28.01
06/29/23	86.38	-0.66	-0.75	4.44	8.12	18.35	10.18	20.62	30.43
06/30/23	86.52	0.14	0.16	4.41	1.65	15.14	3.75	17.38	27.83
07/03/23	86.39	-0.14	-0.16	4.45	35.37	13.18	31.66	15.37	26.42
07/05/23	86.19	-0.19	-0.22	4.51	37.31	13.38	33.49	15.44	26.05
07/06/23	85.85	-0.34	-0.40	4.62	38.36	13.13	34.25	15.06	24.95
07/07/23	86.00	0.15	0.17	4.58	32.73	14.15	28.55	16.05	24.17
07/10/23	86.32	0.33	0.38	4.49	37.48	14.72	33.52	16.58	24.05
07/11/23	86.42	0.09	0.11	4.46	35.44	12.75	31.59	14.73	22.22
07/12/23	87.06	0.64	0.75	4.28	32.69	12.49	28.99	14.43	20.55
07/13/23	87.51	0.45	0.51	4.15	31.12	14.45	27.54	16.38	21.49
07/14/23	87.16	-0.35	-0.40	4.25	31.58	13.28	27.98	15.36	22.31
07/17/23	87.16	0.00	0.00	4.26	35.35	17.04	31.77	19.12	25.88
07/18/23	87.13	-0.03	-0.04	4.27	37.14	17.63	33.62	19.73	27.29
07/19/23	87.26	0.14	0.16	4.23	33.89	16.09	30.39	18.19	26.54
07/20/23	86.83	-0.44	-0.50	4.37	35.79	16.00	32.15	18.10	26.75
07/21/23	86.85	0.03	0.03	4.36	35.74	15.16	32.10	17.24	26.53
07/24/23	86.85	-0.01	-0.01	4.37	31.62	11.22	27.93	13.25	24.29
07/25/23	86.79	-0.06	-0.06	4.39	31.51	6.19	27.76	8.19	19.77
07/26/23	87.14	0.35	0.41	4.29	24.54	7.04	20.79	9.06	18.66
07/27/23	86.66	-0.48	-0.56	4.43	27.53	3.97	23.66	5.95	16.40
07/28/23	86.97	0.31	0.36	4.34	26.08	1.41	22.32	3.41	13.25
07/31/23	87.20	0.23	0.27	4.28	19.56	-2.19	15.97	0.02	9.62
08/01/23	86.94	-0.27	-0.30	4.36	22.91	-0.34	19.24	1.85	12.96
08/02/23	86.78	-0.16	-0.18	4.41	30.01	5.83	26.32	8.00	17.82
08/03/23	86.62	-0.16	-0.19	4.46	31.21	5.76	27.42	7.84	15.98
08/04/23	87.16	0.54	0.62	4.30	27.12	4.56	23.41	6.63	15.25
08/07/23	87.15	-0.01	-0.01	4.31	27.23	5.10	23.50	7.16	14.55
08/08/23	87.14	-0.01	-0.01	4.32	32.97	10.85	29.34	12.93	20.76
08/09/23	87.14	0.00	-0.01	4.32	30.10	8.12	26.45	10.24	19.22
08/10/23	86.83	-0.30	-0.35	4.41	30.82	7.86	27.07	9.97	18.38
08/11/23	86.50	-0.33	-0.38	4.51	34.51	9.14	30.66	11.19	20.03
08/14/23	86.35	-0.15	-0.17	4.57	34.05	8.31	30.06	10.25	20.80
08/15/23	86.30	-0.05	-0.06	4.58	35.40	10.30	31.34	12.20	21.48
08/16/23	86.10	-0.21	-0.24	4.65	37.38	11.32	33.25	13.19	-2.31
08/17/23	86.06	-0.04	-0.04	4.66	39.23	14.98	34.95	16.74	1.04
08/18/23	86.20	0.14	0.17	4.62	36.84	12.76	32.61	14.56	-1.35
08/21/23	85.98	-0.23	-0.26	4.70	37.03	12.03	32.69	13.76	-0.53
08/22/23	85.92	-0.06	-0.07	4.72	36.74	10.93	32.41	12.70	-2.57
08/23/23	86.35	0.43	0.50	4.59	35.89	10.62	31.79	12.45	-4.79
08/24/23	86.22	-0.13	-0.16	4.63	34.84	10.02	30.71	11.91	-5.06
08/25/23	86.12	-0.09	-0.11	4.67	34.84	9.58	30.82	11.60	-5.98
08/28/23	86.27	0.15	0.18	4.63	35.74	10.16	31.84	12.23	-6.17
08/29/23	86.66	0.38	0.45	4.51	35.98	11.88	32.14	13.89	-5.25
08/30/23	86.61	-0.05	-0.06	4.53	37.52	13.84	33.64	15.87	-3.11
08/31/23	86.74	0.14	0.16	4.49	38.49	12.61	35.02	14.92	-4.18
09/01/23	86.54	-0.20	-0.23	4.55	37.67	13.40	34.01	15.67	-2.41
09/05/23	86.35	-0.19	-0.22	4.62	37.33	12.54	33.60	14.81	-3.10
09/06/23	86.10	-0.25	-0.29	4.70	38.11	12.08	34.27	14.34	-3.34
09/07/23	86.34	0.23	0.27	4.63	38.67	13.06	34.92	15.28	-2.97
09/08/23	86.33	-0.01	-0.01	4.64	36.07	11.10	32.26	13.33	-4.53
09/11/23	86.28	-0.05	-0.06	4.66	37.56	12.54	33.71	14.74	-3.14
09/12/23	86.27	-0.01	-0.01	4.67	36.36	11.48	32.55	13.71	-5.12
09/13/23	86.38	0.11	0.13	4.63	35.75	12.33	31.95	14.56	-5.14
09/14/23	86.30	-0.08	-0.09	4.66	35.62	10.54	31.82	12.77	-5.97
09/15/23	86.19	-0.11	-0.13	4.70	36.81	10.32	32.98	12.53	-5.52
09/18/23	86.22	0.03	0.04	4.70	35.08	9.09	31.26	11.35	-4.02
09/19/23	86.03	-0.18	-0.21	4.76	35.32	8.67	31.43	10.86	-3.17
09/20/23	85.99	-0.05	-0.06	4.78	32.71	6.70	28.80	8.94	-5.36
09/21/23	85.76	-0.22	-0.26	4.85	36.13	9.44	31.97	11.47	-0.51
09/22/23	85.98	0.21	0.25	4.78	34.44	9.16	30.42	11.29	-1.43
09/25/23	85.81	-0.17	-0.19	4.84	38.52	11.01	34.40	13.04	1.71
09/26/23	85.77	-0.04	-0.04	4.86	39.44	12.20	35.28	14.22	2.62
09/27/23	85.52	-0.25	-0.29	4.94	40.91	13.07	36.59	15.05	4.44
09/28/23	85.73	0.21	0.25	4.88	41.53	15.85	37.25	17.83	5.85
09/29/23	85.79	0.06	0.07	4.86	42.12	16.24	37.91	18.25	5.76
10/02/23	85.45	-0.34	-0.39	4.98	44.27	17.58	39.86	19.49	9.10
10/03/23	84.97	-0.48	-0.57	5.13	53.19	25.63	48.56	27.42	17.70
10/04/23	85.29	0.32	0.37	5.03	51.27	26.55	46.66	28.32	18.04
10/05/23	85.41	0.12	0.14	5.00	53.05	27.10	48.54	28.87	17.93
10/06/23	85.19	-0.22	-0.26	5.07	50.77	26.65	46.04	28.41	18.49
10/09/23	85.80	0.61	0.72	4.89	33.12	8.25	28.32	9.92	0.12
10/10/23	85.79	-0.01	-0.01	4.89	49.22	17.93	44.75	19.46	14.64
10/11/23	85.94	0.15	0.17	4.85	44.30	19.46	39.91	21.33	8.17
10/12/23	85.61	-0.33	-0.39	4.96	45.99	20.09	41.46	21.92	10.18
10/13/23	85.81	0.20	0.23	4.90	43.52	17.55	39.05	19.40	7.69
10/16/23	85.60	-0.21	-0.24	4.97	45.92	17.47	41.35	19.20	9.31
10/17/23	85.13	-0.46	-0.54	5.12	45.14	17.13	40.21	18.74	10.57
10/18/23	84.88	-0.26	-0.30	5.21	50.37	21.16	45.27	22.62	16.51
10/19/23	84.82	-0.05	-0.06	5.23	52.70	22.29	47.40	23.42	21.65
10/20/23	85.06	0.24	0.28	5.15	55.68	23.58	50.58	24.68	24.22
10/23/23	85.36	0.30	0.35	5.07	51.86	19.46	46.90	20.65	19.15
10/24/23	85.49	0.14	0.16	5.03	45.79	19.39	40.82	20.88	12.82
10/25/23	85.22	-0.27	-0.32	5.12	48.02	20.00	42.90	21.39	15.23
10/26/23	85.66	0.44	0.52	4.98	42.62	16.43	37.63	17.88	10.22
10/27/23	85.85	0.18	0.21	4.93	41.58	15.97	36.66	17.42	8.95
10/30/23	85.63	-0.22	-0.26	5.00	47.43	11.67	42.51	12.75	13.07
10/31/23	85.62	-0.01	-0.01	5.01	46.33	9.29	41.82	10.72	11.05
11/01/23	86.11	0.49	0.57	4.86	41.82	8.60	37.39	10.13	7.90
11/02/23	86.26	0.16	0.18	4.81	38.22	5.14	33.86	6.82	2.34
11/03/23	86.80	0.54	0.63	4.64	38.34	2.75	34.25	4.35	0.13
11/06/23	86.54	-0.26	-0.30	4.73	36.02	8.79	31.62	10.59	0.03
11/07/23	86.65	0.11	0.12	4.70	36.84	10.12	32.52	11.99	0.68
11/08/23	86.60	-0.05	-0.06	4.72	38.92	12.62	34.68	14.57	2.00
11/09/23	86.23	-0.37	-0.42	4.84	41.05	10.85	36.71	12.74	1.83
11/10/23	86.35	0.12	0.14	4.80	36.54	5.68	32.18	7.56	-3.11
11/13/23	86.39	0.04	0.05	4.80	36.77	7.83	32.46	9.77	-1.01
11/14/23	87.08	0.69	0.80	4.58	37.45	3.26	33.42	4.96	-0.98
11/15/23	86.66	-0.43	-0.49	4.72	40.96	10.88	36.80	12.77	1.91
11/16/23	87.03	0.38	0.44	4.60	38.45	7.77	34.47	9.69	1.38
11/17/23	86.92	-0.11	-0.13	4.64	39.06	7.50	35.06	9.43	1.37
11/20/23	86.95	0.03	0.04	4.64	39.82	7.62	35.87	9.57	1.20
11/21/23	87.05	0.10	0.12	4.61	39.45	7.67	35.57	9.65	0.77
11/22/23	87.08	0.02	0.03	4.61	37.30	5.90	33.39	7.89	-0.54
11/24/23	86.98	-0.10	-0.11	4.64	36.52	1.95	32.54	3.85	-3.02
11/27/23	87.24	0.26	0.30	4.57	36.03	4.36	32.15	6.30	-2.34
11/28/23	87.57	0.33	0.38	4.47	36.30	1.50	32.53	3.26	-2.40
11/29/23	87.82	0.25	0.29	4.39	37.01	3.54	33.22	5.27	-1.31
11/30/23	87.67	-0.15	-0.17	4.44	36.37	1.66	32.48	3.35	-2.52
12/01/23	88.12	0.44	0.50	4.30	36.41	5.81	32.62	7.60	-1.45
12/04/23	87.89	-0.22	-0.25	4.38	38.70	6.24	34.81	7.99	-1.53
12/05/23	88.05	0.16	0.18	4.33	40.47	8.91	36.69	10.69	-0.11
12/06/23	88.14	0.08	0.09	4.31	39.06	7.84	35.37	9.68	-2.43
12/07/23	88.14	0.01	0.01	4.31	38.65	4.63	34.94	6.34	-2.04
12/08/23	87.80	-0.34	-0.39	4.42	37.46	2.17	33.63	3.90	-3.32
12/11/23	87.74	-0.06	-0.06	4.45	39.98	5.17	36.16	6.87	-1.27
12/12/23	87.84	0.09	0.11	4.42	37.96	4.12	34.15	5.91	-3.41
12/13/23	88.65	0.81	0.92	4.16	35.95	8.22	32.22	9.92	-2.12
12/14/23	89.00	0.35	0.39	4.05	32.96	5.40	29.30	7.02	-4.99
12/15/23	88.86	-0.14	-0.15	4.10	33.32	3.79	29.72	5.49	-5.36
12/18/23	88.73	-0.13	-0.15	4.15	36.67	6.39	33.05	8.09	-0.63
12/19/23	88.76	0.03	0.03	4.14	37.73	7.93	34.10	9.62	0.73
12/20/23	89.04	0.29	0.32	4.05	36.90	8.16	33.31	9.85	-1.44
12/21/23	89.04	0.00	-0.01	4.06	38.37	7.52	34.76	9.11	0.39
12/22/23	89.03	-0.01	-0.01	4.06	39.80	11.03	36.16	12.64	2.07
12/26/23	89.02	-0.02	-0.02	4.08	39.61	10.90	35.94	12.48	1.69
12/27/23	89.43	0.42	0.47	3.95	34.97	6.85	31.34	8.37	-3.39
12/28/23	89.34	-0.09	-0.10	3.98	33.90	4.46	30.24	5.98	-5.66
12/29/23	89.38	0.03	0.04	3.97	34.51	4.26	30.83	5.73	-4.96
01/02/24	88.94	-0.44	-0.49	4.12	41.88	10.68	38.42	12.45	2.42
01/03/24	88.94	0.00	0.00	4.12	42.91	13.12	39.50	14.91	4.24
01/04/24	88.72	-0.22	-0.24	4.19	41.25	12.82	37.73	14.61	4.08
01/05/24	88.72	0.00	0.00	4.19	38.86	9.98	35.27	11.74	2.41
01/08/24	88.95	0.23	0.25	4.13	34.18	7.43	30.57	9.17	-0.41
01/09/24	88.99	0.05	0.05	4.12	33.26	8.35	29.64	10.10	-1.03
01/10/24	89.02	0.02	0.02	4.11	32.47	5.58	28.81	7.28	-1.75
01/11/24	89.48	0.46	0.52	3.97	27.43	2.57	23.85	4.24	-6.75
01/12/24	89.74	0.26	0.28	3.89	25.99	1.53	22.34	3.05	-6.02
01/16/24	89.40	-0.33	-0.37	4.00	29.46	4.63	25.72	6.11	-2.56
01/17/24	89.02	-0.38	-0.43	4.13	31.60	6.13	27.82	7.74	-0.46
01/18/24	89.01	-0.01	-0.02	4.14	30.69	5.28	26.85	6.85	-0.58
01/19/24	88.89	-0.11	-0.13	4.18	31.21	8.04	27.38	9.68	0.47
01/22/24	88.99	0.10	0.11	4.15	31.57	6.83	27.78	8.46	0.20
01/23/24	88.96	-0.04	-0.04	4.17	31.74	8.39	27.88	9.96	1.36
01/24/24	88.94	-0.02	-0.02	4.17	29.12	3.58	25.18	5.11	-1.78
01/25/24	89.17	0.23	0.26	4.10	28.98	4.11	25.08	5.59	-1.36
01/26/24	89.09	-0.08	-0.09	4.13	28.00	4.57	24.06	6.10	-2.37
01/29/24	89.15	0.07	0.08	4.12	32.82	9.70	28.98	11.24	1.91
01/30/24	89.02	-0.14	-0.15	4.16	33.71	9.96	29.89	11.54	2.33
01/31/24	89.39	0.37	0.42	4.04	35.17	12.66	31.82	14.55	3.45
02/01/24	89.36	-0.03	-0.03	4.05	40.91	19.12	37.59	21.01	8.64
02/02/24	88.88	-0.48	-0.54	4.22	37.86	15.70	34.38	17.66	6.57
02/05/24	88.59	-0.29	-0.32	4.32	36.94	12.05	33.28	13.92	5.70
02/06/24	88.94	0.36	0.40	4.20	33.43	10.17	29.84	12.03	1.38
02/07/24	88.84	-0.11	-0.12	4.24	33.77	10.88	30.10	12.72	2.50
02/08/24	88.75	-0.09	-0.10	4.27	32.68	8.32	28.94	10.12	1.07
02/09/24	88.70	-0.05	-0.06	4.29	31.95	7.40	28.17	9.18	1.08
02/12/24	88.79	0.09	0.10	4.27	31.46	8.47	27.68	10.26	0.37
02/13/24	88.21	-0.57	-0.65	4.47	30.45	5.65	26.48	7.47	-0.27
02/14/24	88.46	0.25	0.28	4.39	29.00	6.74	25.06	8.57	-1.39
02/15/24	88.66	0.20	0.22	4.32	24.73	1.13	20.84	2.89	-4.55
02/16/24	88.45	-0.21	-0.24	4.40	25.45	0.43	21.48	2.22	-3.14
02/20/24	88.61	0.16	0.18	4.35	25.52	1.75	21.58	3.48	-2.63
02/21/24	88.46	-0.15	-0.17	4.41	25.50	0.69	21.47	2.42	-3.03
02/22/24	88.46	0.00	0.00	4.41	22.68	-2.81	18.65	-1.07	-6.62
02/23/24	88.45	-0.01	-0.02	4.42	26.34	1.63	22.44	3.43	-3.35
02/26/24	88.30	-0.15	-0.17	4.48	30.88	4.42	26.97	6.22	-0.53
02/27/24	88.17	-0.12	-0.14	4.52	33.88	7.75	29.94	9.53	3.35
02/28/24	88.24	0.06	0.07	4.50	36.60	11.13	32.68	12.91	6.61
02/29/24	88.37	0.13	0.14	4.46	33.23	9.07	29.34	10.88	4.30
03/01/24	88.60	0.24	0.27	4.39	32.97	10.86	28.81	12.30	5.88
03/04/24	88.47	-0.13	-0.15	4.44	34.20	10.64	30.01	12.08	5.81
03/05/24	88.60	0.13	0.14	4.40	36.43	12.56	32.35	14.02	7.24
03/06/24	88.62	0.02	0.03	4.40	36.49	12.38	32.45	13.89	6.99
03/07/24	88.79	0.17	0.19	4.34	34.70	11.00	30.65	12.46	5.83
03/08/24	88.92	0.13	0.14	4.30	33.43	11.24	29.43	12.78	4.90
03/11/24	88.82	-0.10	-0.11	4.34	34.18	9.65	30.12	11.12	4.54
03/12/24	88.64	-0.17	-0.20	4.40	34.21	9.14	30.10	10.61	4.10
03/13/24	88.66	0.01	0.01	4.40	30.84	5.29	26.70	6.74	0.79
03/14/24	88.43	-0.23	-0.26	4.48	29.27	4.74	24.91	6.13	-0.09
03/15/24	88.30	-0.13	-0.14	4.53	29.42	4.86	24.99	6.24	0.12
03/18/24	88.40	0.10	0.12	4.50	25.71	1.48	21.20	2.80	-2.15
03/19/24	88.58	0.18	0.20	4.45	24.27	0.03	19.85	1.38	-2.86
03/20/24	88.77	0.19	0.21	4.39	23.76	0.88	19.29	2.16	-2.10
03/21/24	88.91	0.14	0.16	4.34	18.04	-4.82	13.64	-3.50	-8.20
03/22/24	89.07	0.16	0.18	4.29	17.98	-3.05	13.67	-1.62	-8.03
03/25/24	88.99	-0.08	-0.09	4.32	18.49	-4.70	14.11	-3.36	-6.99
03/26/24	89.00	0.01	0.01	4.32	19.27	-3.64	14.93	-2.28	-6.15
03/27/24	88.93	-0.07	-0.08	4.35	25.23	4.41	20.97	5.88	-1.25
03/28/24	88.91	-0.02	-0.03	4.36	22.03	-1.22	17.76	0.15	-5.63
04/01/24	88.63	-0.28	-0.31	4.46	22.12	-2.12	17.98	-0.42	-5.54
04/02/24	88.65	0.01	0.01	4.46	22.30	-1.00	18.11	0.66	-4.87
04/03/24	88.73	0.08	0.09	4.44	21.80	-1.49	17.62	0.15	-5.08
04/04/24	88.86	0.13	0.15	4.39	21.02	-1.48	16.85	0.17	-5.43
04/05/24	88.53	-0.33	-0.38	4.51	22.46	-1.12	18.17	0.50	-4.55
04/08/24	88.46	-0.07	-0.08	4.55	21.27	-2.29	16.88	-0.71	-6.10
04/09/24	88.59	0.13	0.15	4.50	21.67	-1.20	17.33	0.41	-5.86
04/10/24	87.90	-0.69	-0.78	4.75	22.72	-2.44	18.12	-0.95	-6.49
04/11/24	87.92	0.02	0.02	4.74	22.94	-1.22	18.25	0.23	-4.89
04/12/24	88.04	0.12	0.14	4.70	24.36	0.84	19.78	2.35	-3.12
04/15/24	87.90	-0.14	-0.16	4.76	25.09	-0.58	20.33	0.72	-1.86
04/16/24	87.67	-0.23	-0.26	4.85	28.55	2.52	23.67	3.77	2.39
04/17/24	87.92	0.25	0.28	4.76	26.11	2.49	21.39	3.91	0.15
04/18/24	87.82	-0.10	-0.11	4.80	23.68	-0.21	18.85	1.15	-2.34
04/19/24	87.84	0.02	0.02	4.80	24.50	0.84	19.67	2.21	-1.69
04/22/24	87.91	0.07	0.08	4.79	24.28	0.47	19.46	1.83	-1.92
04/23/24	88.08	0.17	0.19	4.73	22.12	-0.86	17.31	0.51	-3.59
04/24/24	88.10	0.02	0.02	4.72	18.70	-4.28	13.81	-2.96	-6.04
04/25/24	87.93	-0.17	-0.19	4.79	17.99	-5.25	12.99	-4.00	-6.66
04/26/24	88.01	0.08	0.09	4.76	16.34	-6.77	11.40	-5.49	-7.74
04/29/24	88.12	0.11	0.12	4.73	17.44	-6.15	12.60	-4.84	-7.45
04/30/24	87.94	-0.17	-0.20	4.80	17.17	-6.29	12.22	-5.04	-7.35
05/01/24	88.14	0.19	0.22	4.73	16.58	-6.34	11.70	-5.04	-7.85
05/02/24	88.37	0.23	0.27	4.65	16.36	-6.22	11.58	-4.91	-6.96
05/03/24	88.59	0.22	0.25	4.58	17.61	-5.12	12.97	-3.75	-6.29
05/06/24	88.62	0.03	0.03	4.58	17.11	-5.98	12.47	-4.61	-7.26
05/07/24	88.65	0.03	0.03	4.57	17.55	-5.74	12.96	-4.35	-7.17
05/08/24	88.58	-0.08	-0.08	4.60	18.34	-4.77	13.68	-3.41	-6.18
05/09/24	88.67	0.10	0.11	4.57	16.85	-5.01	12.19	-3.64	-6.38
05/10/24	88.49	-0.18	-0.21	4.64	19.18	-3.78	14.45	-2.46	-4.73
05/13/24	88.53	0.04	0.04	4.63	20.13	-3.22	15.43	-1.89	-3.94
05/14/24	88.64	0.11	0.13	4.60	20.16	0.67	15.52	2.15	-3.08
05/15/24	88.95	0.31	0.35	4.49	20.18	0.41	15.75	1.94	-3.38
05/16/24	88.79	-0.16	-0.18	4.55	20.14	-3.21	15.64	-1.84	-1.95
05/17/24	88.73	-0.06	-0.06	4.57	18.62	-4.40	14.02	-3.05	-2.99
05/20/24	88.68	-0.05	-0.06	4.60	20.05	-3.49	15.41	-2.17	-2.33
05/21/24	88.77	0.09	0.10	4.57	19.75	-3.81	15.15	-2.48	-2.53
05/22/24	88.64	-0.14	-0.15	4.62	21.27	-3.12	16.66	-1.80	-2.10
05/23/24	88.50	-0.13	-0.15	4.67	19.70	-4.70	14.98	-3.44	-3.27
05/24/24	88.51	0.01	0.01	4.68	19.28	-3.60	14.56	-2.23	-3.39
05/28/24	88.41	-0.10	-0.11	4.72	20.95	-4.06	16.10	-2.87	-2.06
05/29/24	88.31	-0.10	-0.11	4.76	21.25	-3.94	16.27	-2.82	-2.17
05/30/24	88.49	0.17	0.20	4.70	20.56	-4.10	15.68	-2.94	-2.68
05/31/24	88.71	0.23	0.26	4.62	19.12	-5.92	14.78	-4.30	-4.23
06/03/24	88.87	0.16	0.17	4.57	20.41	-3.61	16.13	-1.95	-3.63
06/04/24	89.03	0.16	0.18	4.52	21.75	-1.17	17.59	0.60	-2.63
06/05/24	89.17	0.14	0.16	4.47	21.57	-2.53	17.44	-0.84	-2.48
06/06/24	89.16	-0.01	-0.01	4.48	22.77	-2.20	18.65	-0.52	-2.27
06/07/24	88.77	-0.39	-0.44	4.62	21.68	-2.64	17.35	-0.91	-3.32
06/10/24	88.78	0.01	0.02	4.63	21.19	-4.98	16.76	-3.43	-3.73
06/11/24	88.94	0.16	0.18	4.57	21.61	-4.47	17.30	-2.89	-3.16
06/12/24	89.14	0.19	0.22	4.51	22.43	-0.69	18.24	1.07	-2.95
06/13/24	89.34	0.20	0.23	4.44	25.56	-2.09	21.53	-0.45	-1.70
06/14/24	89.33	-0.01	-0.01	4.44	27.50	-1.18	23.50	0.49	-1.04
06/17/24	89.19	-0.14	-0.15	4.50	25.72	-2.37	21.58	-0.77	-2.01
06/18/24	89.37	0.18	0.20	4.44	25.69	2.42	21.64	4.24	0.43
06/20/24	89.26	-0.11	-0.13	4.49	27.90	4.90	23.78	6.71	2.46
06/21/24	89.29	0.03	0.04	4.48	27.54	3.20	23.41	4.98	1.55
06/24/24	89.33	0.04	0.05	4.47	27.58	2.47	23.43	4.20	1.28
06/25/24	89.33	0.00	0.00	4.48	27.88	3.10	23.71	4.81	2.03
06/26/24	89.16	-0.17	-0.19	4.54	27.95	-1.09	23.66	0.38	1.75
06/27/24	89.19	0.03	0.03	4.54	29.70	1.61	25.43	3.10	4.04
06/28/24	89.13	-0.06	-0.07	4.56	30.82	2.30	26.47	3.76	4.34
07/01/24	88.98	-0.14	-0.16	4.63	30.31	2.98	25.75	4.36	4.14
07/02/24	89.09	0.10	0.12	4.59	30.39	3.56	25.91	4.96	3.79
07/03/24	89.32	0.24	0.26	4.51	26.90	1.65	22.51	3.08	2.80
07/05/24	89.57	0.25	0.28	4.42	28.75	2.30	24.49	3.73	2.61
07/08/24	89.55	-0.02	-0.03	4.44	29.62	2.92	25.33	4.33	3.11
07/09/24	89.53	-0.02	-0.02	4.45	30.90	2.65	26.61	4.01	4.45
07/10/24	89.57	0.04	0.05	4.44	30.32	2.05	26.02	3.42	3.49
07/11/24	89.87	0.30	0.33	4.33	31.62	3.53	27.46	4.91	4.18
07/12/24	90.06	0.19	0.21	4.26	29.14	2.37	25.03	3.73	2.92
07/15/24	90.05	-0.01	-0.01	4.28	30.36	3.77	26.14	5.07	4.04
07/16/24	90.13	0.09	0.10	4.25	29.89	3.85	25.72	5.16	4.29
07/17/24	90.14	0.00	0.00	4.25	29.91	3.84	25.77	5.16	4.83
07/18/24	90.03	-0.10	-0.12	4.29	30.41	4.44	26.19	5.73	5.13
07/19/24	89.94	-0.10	-0.11	4.33	30.25	3.93	25.95	5.19	4.86
07/22/24	89.90	-0.04	-0.04	4.35	31.83	5.81	27.49	7.06	5.88
07/23/24	89.97	0.07	0.08	4.33	31.37	5.67	27.04	6.89	5.83
07/24/24	89.99	0.03	0.03	4.32	33.27	6.67	28.94	7.84	6.56
07/25/24	90.00	0.01	0.01	4.33	33.29	7.48	28.96	8.67	6.67
07/26/24	90.15	0.15	0.17	4.27	32.96	7.70	28.70	8.89	6.72
07/29/24	90.15	0.00	0.00	4.28	34.14	9.57	29.87	10.75	7.90
07/30/24	90.20	0.05	0.05	4.27	35.53	11.07	31.27	12.25	9.04
07/31/24	90.50	0.30	0.33	4.15	34.28	10.58	30.52	12.14	8.74
08/01/24	90.73	0.23	0.25	4.07	35.56	12.01	31.83	13.50	9.93
08/02/24	91.34	0.62	0.68	3.84	39.68	16.40	36.06	17.66	13.77
08/05/24	91.09	-0.25	-0.27	3.95	48.98	26.13	45.27	27.36	22.91
08/06/24	90.93	-0.16	-0.17	4.01	45.56	21.63	41.78	22.91	18.75
08/07/24	90.92	-0.01	-0.01	4.02	44.64	20.31	40.79	21.53	17.24
08/08/24	90.82	-0.10	-0.11	4.06	43.64	19.18	39.74	20.41	15.99
08/09/24	90.89	0.06	0.07	4.04	41.92	17.64	38.06	18.93	14.68
08/12/24	91.04	0.15	0.17	3.99	42.30	18.03	38.49	19.29	14.96
08/13/24	91.22	0.18	0.20	3.92	42.77	18.17	39.00	19.38	15.19
08/14/24	91.28	0.06	0.06	3.90	39.30	15.71	35.53	16.93	12.81
08/15/24	91.02	-0.26	-0.28	4.00	35.73	12.30	31.85	13.57	9.19
08/16/24	91.20	0.17	0.19	3.94	32.23	8.87	28.35	10.11	7.84
08/19/24	91.26	0.06	0.07	3.92	31.56	7.44	27.67	8.66	6.07
08/20/24	91.48	0.22	0.24	3.84	29.92	5.86	26.05	7.02	4.50
08/21/24	91.69	0.20	0.22	3.77	28.58	4.41	24.72	5.49	3.18
08/22/24	91.52	-0.16	-0.18	3.83	26.92	2.96	23.01	4.08	2.04
08/23/24	91.85	0.33	0.36	3.71	23.84	-0.40	19.99	0.68	-0.71
08/26/24	91.80	-0.04	-0.05	3.74	25.10	0.09	21.25	1.15	-0.74
08/27/24	91.84	0.04	0.04	3.73	26.59	1.35	22.70	2.34	0.69
08/28/24	91.85	0.00	0.01	3.73	26.17	1.01	22.30	2.02	0.24
08/29/24	91.74	-0.10	-0.11	3.77	28.05	2.13	24.16	3.16	1.28
08/30/24	91.69	-0.05	-0.06	3.79	27.14	1.34	23.17	2.36	0.83
09/03/24	91.87	0.19	0.20	3.73	27.67	1.83	24.08	3.14	0.28
09/04/24	92.13	0.26	0.28	3.64	28.12	2.52	24.56	3.75	0.71
09/05/24	92.12	-0.01	-0.01	3.64	29.81	4.68	26.28	5.91	3.16
09/06/24	92.35	0.23	0.25	3.56	29.38	4.18	25.89	5.35	2.37
09/09/24	92.33	-0.02	-0.02	3.57	30.51	5.25	27.01	6.39	3.64
09/10/24	92.44	0.10	0.11	3.54	33.70	9.13	30.27	10.26	7.37
09/11/24	92.37	-0.06	-0.07	3.56	32.65	8.78	29.23	9.96	6.95
09/12/24	92.36	-0.02	-0.02	3.57	31.95	7.68	28.47	8.84	5.89
09/13/24	92.53	0.18	0.19	3.51	29.79	6.50	26.28	7.56	4.27
09/16/24	92.65	0.11	0.12	3.47	28.74	5.30	25.18	6.28	3.12
09/17/24	92.61	-0.03	-0.03	3.49	26.12	3.55	22.54	4.56	2.89
09/18/24	92.52	-0.09	-0.10	3.52	25.67	3.31	22.03	4.33	2.70
09/19/24	92.72	0.19	0.21	3.45	21.02	-1.55	17.38	-0.57	-2.13
09/20/24	92.72	0.00	0.00	3.45	20.99	-1.92	17.34	-0.97	-1.73
09/23/24	92.69	-0.03	-0.03	3.47	22.91	-0.49	19.20	0.40	-1.01
09/24/24	92.81	0.13	0.13	3.43	23.09	-0.34	19.41	0.52	-1.33
09/25/24	92.71	-0.10	-0.11	3.47	22.80	-1.80	19.05	-0.97	-2.26
09/26/24	92.60	-0.11	-0.12	3.51	22.23	-1.93	18.44	-1.07	-3.05
09/27/24	92.82	0.21	0.23	3.44	20.22	-3.73	16.48	-2.90	-4.29
09/30/24	92.62	-0.19	-0.21	3.52	20.83	-3.63	17.02	-2.80	-4.07
10/01/24	92.72	0.09	0.10	3.48	22.41	-2.74	18.65	-1.93	-3.77
10/02/24	92.65	-0.07	-0.08	3.51	21.98	-2.61	18.17	-1.82	-3.59
10/03/24	92.49	-0.16	-0.17	3.58	21.26	-4.12	17.40	-3.34	-4.79
10/04/24	92.01	-0.48	-0.52	3.77	18.76	-6.22	14.70	-5.33	-6.73
10/07/24	91.87	-0.14	-0.15	3.83	18.95	-7.84	14.79	-7.02	-6.33
10/08/24	91.94	0.07	0.07	3.80	18.16	-8.54	14.02	-7.75	-7.03
10/09/24	91.85	-0.09	-0.10	3.84	16.41	-9.51	12.21	-8.72	-8.01
10/10/24	91.99	0.14	0.15	3.79	14.85	-9.76	10.68	-8.95	-9.04
10/11/24	92.07	0.08	0.08	3.76	14.68	-10.91	10.51	-10.15	-9.29
10/14/24	91.97	-0.10	-0.11	3.81	18.41	-5.52	14.24	-4.75	-4.60
10/15/24	92.04	0.07	0.08	3.78	17.49	-10.20	13.31	-9.48	-7.57
10/16/24	92.10	0.06	0.06	3.76	17.59	-7.84	13.44	-7.09	-7.69
10/17/24	91.97	-0.13	-0.15	3.82	18.19	-7.17	13.98	-6.42	-7.13
10/18/24	92.00	0.03	0.03	3.81	19.10	-5.84	14.90	-5.09	-5.02
10/21/24	91.74	-0.26	-0.28	3.92	21.79	-3.01	17.43	-2.29	-2.98
10/22/24	91.64	-0.09	-0.10	3.96	23.93	-1.05	19.52	-0.38	-1.24
10/23/24	91.50	-0.14	-0.15	4.02	25.91	0.36	21.42	1.03	-0.38
10/24/24	91.54	0.03	0.04	4.01	26.62	0.65	22.15	1.31	-0.07
10/25/24	91.49	-0.05	-0.06	4.04	25.84	-0.37	21.30	0.29	-1.14
10/28/24	91.45	-0.04	-0.04	4.06	25.66	-1.11	21.04	-0.51	-2.04
10/29/24	91.53	0.08	0.08	4.03	24.95	-2.56	20.34	-1.99	-3.66
10/30/24	91.37	-0.16	-0.17	4.10	25.80	-1.86	21.10	-1.34	-3.37
10/31/24	91.39	0.02	0.02	4.09	25.39	-2.81	21.07	-1.88	-3.33
11/01/24	91.28	-0.11	-0.12	4.14	26.09	-3.63	21.69	-2.79	-4.52
11/04/24	91.41	0.14	0.15	4.09	25.25	-3.32	20.88	-2.49	-4.23
11/05/24	91.37	-0.04	-0.04	4.11	24.42	-5.82	20.02	-5.02	-5.12
11/06/24	91.23	-0.15	-0.16	4.18	20.33	-7.00	15.76	-6.22	-7.44
11/07/24	91.61	0.38	0.42	4.03	13.06	-12.11	8.62	-11.22	-13.45
11/08/24	91.45	-0.16	-0.17	4.09	15.09	-12.47	10.64	-11.64	-11.43
11/11/24	91.19	-0.26	-0.29	4.21	26.79	-0.65	22.33	0.14	0.26
11/12/24	91.13	-0.06	-0.06	4.24	20.56	-8.29	15.93	-7.56	-7.48
11/13/24	91.20	0.07	0.08	4.21	24.13	-4.04	19.50	-3.34	-4.89
11/14/24	91.05	-0.16	-0.17	4.28	24.90	-2.57	20.24	-1.75	-3.96
11/15/24	91.11	0.06	0.07	4.26	25.12	-1.93	20.49	-1.16	-2.85
11/18/24	91.17	0.06	0.06	4.24	25.97	-0.73	21.34	0.03	-0.85
11/19/24	91.19	0.03	0.03	4.23	26.33	-0.29	21.76	0.54	-0.47
11/20/24	91.15	-0.04	-0.04	4.25	25.20	-1.47	20.57	-0.62	-1.59
11/21/24	91.03	-0.12	-0.14	4.31	28.02	-0.93	23.35	-0.21	1.06
11/22/24	91.01	-0.02	-0.03	4.32	27.79	0.80	23.12	1.67	0.34
11/25/24	91.27	0.26	0.29	4.23	27.95	3.05	23.44	3.97	2.47
11/26/24	91.22	-0.05	-0.05	4.25	28.43	4.41	23.87	5.29	3.85
11/27/24	91.31	0.09	0.10	4.21	29.58	2.46	25.11	3.25	4.91
11/29/24	91.51	0.19	0.21	4.14	26.25	0.00	21.82	0.77	2.63
12/02/24	91.46	-0.05	-0.06	4.17	29.36	4.67	24.91	5.53	4.37
12/03/24	91.49	0.03	0.03	4.16	27.97	3.43	23.44	4.21	2.34
12/04/24	91.60	0.11	0.12	4.12	28.59	4.22	24.12	4.98	3.49
12/05/24	91.59	-0.01	-0.01	4.13	27.80	3.56	23.31	4.32	2.83
12/06/24	91.74	0.15	0.17	4.07	26.42	1.66	21.96	2.41	1.37
12/09/24	91.68	-0.06	-0.07	4.10	27.23	2.34	22.70	3.04	1.55
12/10/24	91.66	-0.02	-0.02	4.11	25.51	0.52	20.92	1.20	-0.03
12/11/24	91.64	-0.02	-0.02	4.12	24.60	-0.36	19.93	0.28	-1.33
12/12/24	91.54	-0.10	-0.11	4.17	25.49	-0.70	20.74	-0.12	-0.65
12/13/24	91.46	-0.09	-0.10	4.21	24.26	-2.36	19.40	-1.87	-2.01
12/16/24	91.55	0.09	0.10	4.18	20.97	-4.55	16.06	-4.08	-4.80
12/17/24	91.46	-0.09	-0.10	4.22	24.42	-0.28	19.50	0.21	-0.08
12/18/24	91.15	-0.30	-0.33	4.36	26.02	0.87	20.87	1.25	0.63
12/19/24	91.16	0.01	0.01	4.36	27.44	3.75	22.26	4.08	2.29
12/20/24	91.24	0.08	0.08	4.33	26.10	0.93	20.96	1.28	0.44
12/23/24	91.16	-0.08	-0.09	4.37	27.26	2.25	22.01	2.37	1.18
12/24/24	91.21	0.06	0.06	4.35	25.65	0.79	20.39	0.90	-0.93
12/26/24	91.25	0.03	0.04	4.35	25.93	0.66	20.67	0.77	-0.83
12/27/24	91.26	0.01	0.01	4.35	25.07	0.08	19.76	0.11	-2.39
12/30/24	91.41	0.15	0.17	4.29	26.78	2.84	21.58	2.93	1.11
12/31/24	91.48	0.07	0.08	4.26	23.22	-0.25	18.45	0.36	-1.97
01/02/25	91.41	-0.07	-0.08	4.30	27.09	3.35	22.32	3.91	1.11
01/03/25	91.38	-0.03	-0.03	4.31	25.38	1.60	20.53	2.12	-0.38
01/06/25	91.39	0.00	0.00	4.32	25.17	3.43	20.25	3.90	1.10
01/07/25	91.31	-0.07	-0.08	4.36	26.12	3.20	21.14	3.62	0.63
01/08/25	91.38	0.06	0.07	4.33	26.47	3.40	21.54	3.86	0.86
01/10/25	91.17	-0.21	-0.23	4.43	23.81	0.60	18.58	0.90	-2.66
01/13/25	91.12	-0.04	-0.05	4.46	25.46	1.63	20.20	1.89	-1.44
01/14/25	91.17	0.05	0.05	4.45	25.44	2.02	20.19	2.29	-1.39
01/15/25	91.43	0.25	0.28	4.34	25.81	3.89	20.80	4.31	0.92
01/16/25	91.49	0.06	0.07	4.32	26.32	5.49	21.37	5.99	2.39
01/17/25	91.45	-0.04	-0.04	4.34	25.25	4.12	20.23	4.57	1.04
01/21/25	91.47	0.02	0.02	4.34	27.66	6.38	22.67	6.91	3.89
01/22/25	91.45	-0.03	-0.03	4.36	27.41	4.65	22.35	5.04	2.35
01/23/25	91.47	0.02	0.02	4.35	27.20	3.82	22.13	4.16	1.51
01/24/25	91.55	0.08	0.09	4.32	26.16	3.40	21.12	3.72	0.73
01/27/25	91.68	0.13	0.14	4.27	29.59	6.93	24.68	7.29	4.46
01/28/25	91.72	0.04	0.04	4.26	27.47	5.52	22.54	5.88	2.79
01/29/25	91.62	-0.10	-0.11	4.31	29.72	7.53	24.77	7.88	4.92
01/30/25	91.68	0.06	0.07	4.28	28.89	7.34	23.96	7.72	4.90
01/31/25	91.70	0.02	0.02	4.27	27.63	6.52	23.14	7.35	4.39
02/03/25	91.57	-0.13	-0.15	4.34	30.87	9.13	26.30	9.94	7.27
02/04/25	91.69	0.12	0.13	4.30	29.58	7.85	25.08	8.67	5.60
02/05/25	91.75	0.06	0.06	4.27	30.90	9.87	26.46	10.75	8.22
02/06/25	91.69	-0.05	-0.06	4.30	31.25	9.81	26.76	10.65	7.83
02/07/25	91.54	-0.15	-0.16	4.37	31.40	8.09	26.80	8.87	7.53
02/10/25	91.60	0.06	0.06	4.36	30.66	7.43	26.03	8.17	6.96
02/11/25	91.57	-0.03	-0.04	4.38	30.89	9.38	26.24	10.14	7.74
02/12/25	91.43	-0.13	-0.15	4.44	28.05	6.91	23.19	7.56	4.90
02/13/25	91.55	0.12	0.13	4.39	28.95	6.69	24.21	7.37	6.38
02/14/25	91.70	0.15	0.17	4.33	28.37	7.34	23.74	8.12	5.40
02/18/25	91.64	-0.06	-0.07	4.37	28.57	6.74	23.82	7.41	7.66
02/19/25	91.69	0.05	0.06	4.35	28.96	8.55	24.26	9.26	8.80
02/20/25	91.70	0.01	0.01	4.35	29.98	9.32	25.29	10.03	8.64
02/21/25	91.87	0.16	0.18	4.28	31.21	9.81	26.67	10.58	9.12
