Price History: N9TJ1C-S									
									
Date	Price	Change	% Change	Yield to Maturity	Interpolated Spread (LIBOR)	Interpolated Spread (Treasury)	Option Adjusted Spread (LIBOR)	Option Adjusted Spread (Treasury)	Spread (Treasury)
02/19/21	130.40			2.23	50.81	51.22	58.75	59.55	81.50
02/22/21	129.25	-1.15	-0.88	2.31	56.75	54.63	64.66	63.25	87.41
02/23/21	129.56	0.31	0.24	2.29	55.75	52.21	63.66	60.67	85.73
02/24/21	129.54	-0.01	-0.01	2.29	54.55	49.69	62.47	58.10	83.07
02/25/21	127.86	-1.69	-1.30	2.41	58.43	52.47	65.39	60.03	83.23
02/26/21	128.74	0.89	0.70	2.35	60.52	51.92	67.54	59.30	82.12
03/01/21	128.90	0.15	0.12	2.33	54.83	50.80	62.16	58.43	81.97
03/02/21	129.32	0.43	0.33	2.30	54.25	49.56	61.68	57.38	81.97
03/03/21	128.87	-0.45	-0.35	2.33	49.67	48.35	57.03	55.96	79.84
03/04/21	127.99	-0.88	-0.68	2.40	49.53	47.78	56.75	55.25	78.47
03/05/21	128.87	0.87	0.68	2.33	43.80	41.95	50.98	49.31	71.28
03/08/21	126.89	-1.98	-1.53	2.48	57.99	53.40	65.07	60.58	82.38
03/09/21	127.50	0.61	0.48	2.43	62.22	53.42	69.19	60.62	82.49
03/10/21	128.59	1.08	0.85	2.35	56.75	47.42	63.64	54.71	76.81
03/11/21	128.74	0.15	0.12	2.34	51.04	44.42	58.14	51.88	74.77
03/12/21	127.33	-1.41	-1.09	2.44	53.19	44.02	60.31	51.42	74.74
03/15/21	127.01	-0.32	-0.25	2.47	57.62	48.88	64.78	56.26	79.72
03/16/21	126.73	-0.27	-0.22	2.49	59.61	49.60	66.79	57.05	80.38
03/17/21	126.75	0.02	0.01	2.49	54.96	46.70	62.40	54.42	78.08
03/18/21	125.45	-1.30	-1.03	2.58	60.89	50.36	68.29	57.73	79.65
03/19/21	125.58	0.13	0.10	2.57	55.82	50.13	63.08	57.40	78.39
03/22/21	126.19	0.61	0.48	2.53	54.49	50.59	61.70	57.81	78.32
03/23/21	126.42	0.23	0.18	2.51	60.08	52.70	67.30	60.01	81.07
03/24/21	126.71	0.29	0.23	2.49	57.57	53.25	64.82	60.60	81.07
03/25/21	126.66	-0.05	-0.04	2.49	56.11	52.86	63.23	60.17	81.39
03/26/21	126.06	-0.60	-0.47	2.54	55.10	53.58	62.29	60.78	81.39
03/29/21	125.30	-0.76	-0.60	2.59	58.67	53.90	65.76	61.04	81.33
03/30/21	125.76	0.46	0.37	2.56	54.48	50.91	61.47	57.86	76.99
03/31/21	125.51	-0.25	-0.20	2.57	53.21	50.07	60.05	56.99	77.02
04/01/21	126.34	0.83	0.66	2.51	53.72	50.87	60.48	57.73	77.12
04/05/21	125.64	-0.70	-0.56	2.56	57.48	53.18	64.03	59.89	78.53
04/06/21	126.43	0.79	0.63	2.50	55.51	52.64	62.21	59.56	78.52
04/07/21	126.47	0.04	0.03	2.50	53.11	51.79	59.89	58.78	78.52
04/08/21	127.53	1.05	0.83	2.42	50.33	45.36	57.18	52.39	72.44
04/09/21	127.20	-0.33	-0.26	2.44	49.33	45.69	56.14	52.56	71.69
04/12/21	127.04	-0.17	-0.13	2.46	50.95	45.67	57.66	52.47	71.77
04/13/21	127.70	0.67	0.53	2.41	51.77	45.09	58.60	52.02	71.70
04/14/21	127.54	-0.17	-0.13	2.42	52.99	44.90	59.71	51.79	71.71
04/15/21	128.90	1.37	1.07	2.32	48.49	44.76	55.28	51.82	71.79
04/16/21	128.34	-0.56	-0.44	2.36	52.85	44.80	59.67	51.84	71.79
04/19/21	127.31	-1.03	-0.80	2.43	59.33	49.62	66.11	56.68	77.10
04/20/21	127.76	0.45	0.36	2.40	58.39	49.43	65.29	56.57	77.09
04/21/21	127.50	-0.26	-0.20	2.42	60.48	51.28	67.38	58.44	78.87
04/22/21	127.78	0.28	0.22	2.40	59.66	50.23	66.47	57.31	77.54
04/23/21	127.66	-0.12	-0.10	2.41	58.92	50.18	65.66	57.21	77.54
04/26/21	127.90	0.25	0.19	2.39	56.67	48.37	63.31	55.29	75.17
04/27/21	126.77	-1.13	-0.88	2.47	60.97	52.19	67.54	59.08	78.54
04/28/21	126.79	0.02	0.01	2.47	59.90	51.81	66.66	58.79	78.54
04/29/21	126.52	-0.27	-0.21	2.49	59.67	52.47	66.46	59.42	78.61
04/30/21	126.70	0.18	0.14	2.48	59.85	52.01	66.59	58.97	78.04
05/03/21	127.10	0.40	0.31	2.44	58.40	50.87	65.22	57.90	77.48
05/04/21	127.28	0.18	0.14	2.43	59.08	51.18	65.84	58.19	77.48
05/05/21	127.26	-0.01	-0.01	2.43	60.90	52.05	67.69	59.11	78.23
05/06/21	127.27	0.00	0.00	2.43	61.99	54.00	68.71	61.04	80.45
05/07/21	127.13	-0.13	-0.11	2.44	62.33	53.20	69.33	60.48	79.82
05/10/21	126.44	-0.69	-0.54	2.49	64.92	55.23	72.04	62.52	82.58
05/11/21	125.82	-0.62	-0.49	2.54	68.10	57.23	75.19	64.51	85.24
05/12/21	124.78	-1.05	-0.83	2.62	68.97	58.56	76.00	65.67	86.30
05/13/21	125.33	0.55	0.44	2.58	71.18	56.93	78.18	64.15	84.93
05/14/21	125.70	0.38	0.30	2.55	69.85	56.74	76.77	64.01	84.94
05/17/21	125.65	-0.05	-0.04	2.55	68.52	56.70	75.44	63.91	85.05
05/18/21	125.63	-0.03	-0.02	2.55	68.85	56.80	75.83	64.07	84.57
05/19/21	125.09	-0.53	-0.42	2.59	70.40	57.41	77.27	64.52	84.79
05/20/21	126.47	1.38	1.10	2.49	63.16	51.66	70.07	58.86	78.87
05/21/21	126.12	-0.35	-0.28	2.51	66.83	54.67	73.67	61.81	81.74
05/24/21	126.37	0.25	0.20	2.49	66.20	55.16	73.11	62.31	81.91
05/25/21	127.04	0.67	0.53	2.44	66.58	54.26	73.44	61.46	81.26
05/26/21	126.68	-0.35	-0.28	2.47	67.57	56.37	74.47	63.56	82.95
05/27/21	126.05	-0.64	-0.50	2.52	69.77	58.17	76.62	65.31	84.32
05/28/21	126.45	0.40	0.32	2.48	67.50	56.45	74.41	63.62	82.51
06/01/21	126.15	-0.30	-0.24	2.51	66.23	56.61	73.25	63.85	82.90
06/02/21	126.31	0.17	0.13	2.49	67.63	57.34	74.64	64.63	83.77
06/03/21	126.57	0.26	0.20	2.47	62.62	52.41	69.41	59.48	78.30
06/04/21	127.42	0.85	0.67	2.41	63.09	52.05	70.01	59.29	78.30
06/07/21	127.28	-0.14	-0.11	2.42	62.16	52.18	69.13	59.42	78.24
06/08/21	126.90	-0.38	-0.30	2.45	68.05	59.04	75.05	66.31	85.24
06/09/21	127.35	0.45	0.35	2.41	70.21	59.32	77.09	66.60	85.58
06/10/21	128.28	0.93	0.73	2.34	67.11	54.32	74.03	61.60	81.41
06/11/21	128.23	-0.05	-0.04	2.35	66.84	54.29	73.59	61.52	81.41
06/14/21	127.77	-0.46	-0.36	2.38	66.31	53.57	72.98	60.71	81.12
06/15/21	127.61	-0.16	-0.13	2.39	67.68	54.90	74.34	62.04	82.34
06/16/21	126.90	-0.71	-0.55	2.44	66.30	55.37	72.49	62.05	80.86
06/17/21	127.80	0.90	0.71	2.38	67.99	55.92	73.76	62.24	79.78
06/18/21	128.62	0.82	0.64	2.31	71.24	56.10	76.62	62.18	79.52
06/21/21	128.13	-0.49	-0.38	2.35	67.67	55.03	73.37	61.34	79.63
06/22/21	128.01	-0.12	-0.09	2.36	71.57	56.31	77.26	62.79	81.53
06/23/21	127.85	-0.16	-0.12	2.37	70.06	56.63	75.58	63.00	81.53
06/24/21	128.20	0.35	0.28	2.34	67.14	54.48	72.64	60.75	78.61
06/25/21	127.59	-0.62	-0.48	2.39	69.25	53.24	74.84	59.66	78.60
06/28/21	128.33	0.74	0.58	2.33	67.82	53.55	73.25	59.93	78.52
06/29/21	128.70	0.37	0.29	2.30	64.88	50.73	70.37	57.09	75.31
06/30/21	129.15	0.46	0.36	2.27	61.88	50.73	67.28	57.03	75.31
07/01/21	128.69	-0.46	-0.36	2.30	66.31	51.39	71.58	57.64	75.44
07/02/21	129.33	0.64	0.49	2.26	63.48	50.96	68.94	57.32	75.44
07/06/21	130.09	0.77	0.59	2.20	66.08	50.68	71.47	57.10	75.32
07/07/21	130.07	-0.02	-0.02	2.20	69.21	56.53	74.54	62.88	80.49
07/08/21	129.76	-0.31	-0.24	2.22	72.30	61.59	77.95	68.15	85.97
07/09/21	129.53	-0.23	-0.18	2.24	66.37	56.60	72.03	63.11	80.84
07/12/21	129.46	-0.07	-0.05	2.24	66.55	56.27	72.20	62.72	80.76
07/13/21	128.76	-0.71	-0.55	2.29	66.37	57.03	72.02	63.37	80.75
07/14/21	130.03	1.27	0.99	2.20	64.71	52.36	70.15	58.74	77.04
07/15/21	130.13	0.10	0.08	2.19	69.81	58.72	75.10	64.95	81.95
07/16/21	130.52	0.40	0.30	2.16	67.54	55.15	72.80	61.39	78.76
07/19/21	131.89	1.36	1.05	2.06	68.34	56.33	73.48	62.54	79.99
07/20/21	131.55	-0.34	-0.25	2.08	65.62	54.84	71.19	61.41	79.98
07/21/21	130.58	-0.97	-0.74	2.16	64.47	54.96	70.14	61.52	79.98
07/22/21	130.61	0.03	0.03	2.15	65.35	56.80	71.03	63.37	81.36
07/23/21	130.32	-0.29	-0.22	2.17	67.98	56.66	73.72	63.29	81.36
07/26/21	130.13	-0.20	-0.15	2.19	66.76	58.88	72.57	65.49	83.57
07/27/21	130.83	0.71	0.54	2.13	66.61	57.75	72.27	64.29	82.33
07/28/21	130.48	-0.36	-0.27	2.16	68.44	58.00	74.16	64.47	82.33
07/29/21	130.36	-0.12	-0.09	2.17	64.68	57.79	70.43	64.35	82.37
07/30/21	130.53	0.17	0.13	2.16	67.29	59.31	73.20	65.92	84.03
08/02/21	131.73	1.20	0.92	2.07	63.23	56.37	69.07	63.03	81.52
08/03/21	131.38	-0.35	-0.27	2.09	67.36	58.59	73.20	65.31	83.99
08/04/21	131.22	-0.16	-0.12	2.10	68.04	60.05	73.71	66.54	84.32
08/05/21	130.77	-0.46	-0.35	2.14	68.12	61.33	73.55	67.60	84.41
08/06/21	129.72	-1.05	-0.80	2.21	67.98	61.71	73.57	68.03	85.02
08/09/21	129.51	-0.21	-0.16	2.23	67.68	60.48	73.16	66.72	83.84
08/10/21	129.28	-0.23	-0.18	2.24	67.11	59.91	72.51	66.05	82.87
08/11/21	129.06	-0.22	-0.17	2.26	68.68	60.90	74.38	67.15	84.82
08/12/21	129.07	0.00	0.00	2.26	69.20	59.80	74.61	66.00	83.77
08/13/21	129.97	0.91	0.70	2.19	69.58	60.18	74.91	66.28	83.69
08/16/21	130.00	0.03	0.02	2.19	69.89	63.49	75.30	69.68	87.22
08/17/21	129.80	-0.20	-0.15	2.20	72.29	65.61	77.59	71.68	87.13
08/18/21	129.58	-0.22	-0.17	2.22	74.01	66.38	79.26	72.37	87.12
08/19/21	129.97	0.40	0.31	2.19	72.89	66.96	78.04	72.83	87.21
08/20/21	129.73	-0.25	-0.19	2.21	73.68	68.76	78.81	74.42	87.21
08/23/21	129.79	0.06	0.05	2.20	74.32	67.42	79.40	73.21	87.12
08/24/21	129.32	-0.46	-0.36	2.24	73.22	67.57	78.41	73.42	87.13
08/25/21	128.62	-0.70	-0.54	2.29	73.75	67.19	78.92	73.12	87.13
08/26/21	128.61	-0.02	-0.01	2.29	73.15	67.72	78.32	73.56	87.21
08/27/21	129.15	0.54	0.42	2.25	71.55	66.15	76.90	72.15	86.19
08/30/21	129.77	0.63	0.49	2.20	69.53	63.48	74.91	69.54	84.24
08/31/21	129.36	-0.42	-0.32	2.23	70.79	64.09	75.89	70.33	85.34
09/01/21	129.65	0.29	0.23	2.21	68.68	62.51	74.08	68.64	83.30
09/02/21	129.72	0.07	0.05	2.20	69.69	62.84	75.11	68.94	83.39
09/03/21	129.34	-0.38	-0.29	2.23	68.64	62.75	74.11	68.98	83.39
09/07/21	128.72	-0.62	-0.48	2.28	68.70	62.62	74.19	68.81	83.31
09/08/21	129.15	0.43	0.33	2.24	66.54	62.88	72.09	68.99	83.30
09/09/21	129.61	0.46	0.36	2.21	67.71	63.60	73.08	69.60	83.39
09/10/21	129.19	-0.43	-0.33	2.24	67.69	62.73	72.99	68.74	82.58
09/13/21	129.40	0.21	0.16	2.22	67.93	63.14	73.14	69.09	82.50
09/14/21	129.96	0.56	0.44	2.18	66.57	63.60	71.77	69.43	82.50
09/15/21	129.46	-0.50	-0.38	2.22	69.42	64.96	74.53	70.77	83.95
09/16/21	129.39	-0.07	-0.05	2.22	66.45	63.19	71.42	68.90	81.38
09/17/21	128.69	-0.71	-0.55	2.27	68.16	65.61	73.25	71.21	83.10
09/20/21	129.50	0.82	0.63	2.21	68.23	65.47	73.13	71.00	82.92
09/21/21	129.73	0.23	0.18	2.19	65.98	62.55	70.88	68.08	79.59
09/22/21	129.56	-0.17	-0.13	2.21	69.19	63.90	73.77	69.13	80.02
09/23/21	129.04	-0.52	-0.40	2.25	61.08	59.93	65.75	65.16	76.33
09/24/21	128.72	-0.32	-0.25	2.27	60.34	56.69	65.25	62.01	73.61
09/27/21	128.43	-0.29	-0.23	2.29	60.13	56.73	64.89	61.96	73.53
09/28/21	127.76	-0.67	-0.52	2.34	58.91	55.16	63.93	60.59	73.53
09/29/21	127.69	-0.07	-0.06	2.35	62.26	54.46	67.30	60.04	73.53
09/30/21	127.39	-0.30	-0.23	2.37	67.60	57.91	72.70	63.51	76.85
10/01/21	128.17	0.78	0.61	2.31	64.05	57.08	69.21	62.90	76.88
10/04/21	127.88	-0.30	-0.23	2.33	64.79	58.07	69.95	63.80	77.69
10/05/21	127.25	-0.62	-0.49	2.38	64.87	57.93	70.10	63.66	77.69
10/06/21	127.11	-0.14	-0.11	2.39	66.87	60.23	71.98	65.85	79.10
10/07/21	126.55	-0.56	-0.44	2.43	65.31	59.65	70.41	65.27	79.19
10/08/21	125.97	-0.58	-0.46	2.47	65.73	60.89	70.78	66.50	80.23
10/11/21	125.58	-0.40	-0.32	2.50	68.90	61.84	73.92	67.26	83.32
10/12/21	126.27	0.69	0.55	2.45	67.70	62.85	72.37	68.01	80.15
10/13/21	126.68	0.41	0.32	2.42	69.12	64.17	73.61	69.00	80.15
10/14/21	127.01	0.33	0.26	2.39	69.39	63.95	73.79	68.88	80.23
10/15/21	127.06	0.05	0.04	2.39	64.19	59.32	68.39	63.96	74.21
10/18/21	126.96	-0.09	-0.07	2.39	63.76	60.15	67.62	64.48	74.12
10/19/21	126.45	-0.51	-0.40	2.43	63.06	58.05	67.25	62.68	73.06
10/20/21	126.43	-0.03	-0.02	2.44	59.60	58.25	63.99	62.89	73.06
10/21/21	125.79	-0.63	-0.50	2.48	61.48	59.82	65.50	64.21	74.21
10/22/21	125.89	0.10	0.08	2.48	66.77	60.81	70.66	65.14	75.45
10/25/21	126.21	0.31	0.25	2.45	62.28	59.38	66.34	63.87	74.73
10/26/21	126.40	0.19	0.15	2.44	63.08	60.02	67.00	64.35	74.73
10/27/21	127.52	1.12	0.88	2.35	62.16	61.81	65.72	65.79	74.74
10/28/21	127.02	-0.50	-0.39	2.39	65.95	61.57	69.55	65.53	74.78
10/29/21	127.17	0.15	0.11	2.37	66.24	59.14	69.65	63.16	74.77
11/01/21	126.94	-0.23	-0.18	2.39	66.68	59.74	70.03	63.77	74.73
11/02/21	127.26	0.32	0.26	2.37	63.17	60.63	66.81	64.84	74.74
11/03/21	127.12	-0.14	-0.11	2.38	58.70	59.39	62.40	63.49	72.50
11/04/21	127.81	0.69	0.54	2.32	60.40	56.66	64.16	61.24	72.59
11/05/21	128.71	0.90	0.70	2.25	61.53	58.35	65.29	62.75	72.59
11/08/21	128.70	-0.01	-0.01	2.25	59.07	55.22	62.43	59.26	68.19
11/09/21	129.11	0.42	0.32	2.22	59.80	58.49	63.18	62.54	71.48
11/10/21	127.48	-1.63	-1.26	2.35	62.29	61.77	65.32	65.41	73.11
11/11/21	127.05	-0.43	-0.34	2.38	66.15	62.47	69.17	65.92	76.53
11/12/21	127.50	0.45	0.35	2.34	58.15	58.78	61.32	62.39	70.97
11/15/21	126.75	-0.75	-0.59	2.40	59.34	59.86	62.50	63.54	72.57
11/16/21	126.61	-0.13	-0.11	2.41	58.32	58.97	61.50	62.68	70.88
11/17/21	126.95	0.34	0.27	2.38	60.45	58.67	63.61	62.46	70.88
11/18/21	126.67	-0.29	-0.23	2.41	63.39	63.09	66.58	66.82	74.85
11/19/21	127.67	1.00	0.79	2.33	59.47	60.18	62.38	63.76	72.09
11/22/21	126.46	-1.21	-0.94	2.42	60.08	61.40	62.72	64.67	72.50
11/23/21	126.02	-0.44	-0.35	2.45	59.08	60.31	61.98	63.73	72.05
11/24/21	125.99	-0.03	-0.02	2.46	63.40	62.16	65.94	65.45	74.29
11/26/21	127.92	1.93	1.53	2.31	63.22	46.67	66.09	49.97	74.38
11/29/21	127.40	-0.52	-0.41	2.35	65.37	61.25	68.33	64.98	74.30
11/30/21	127.65	0.25	0.20	2.33	66.62	69.65	69.36	73.00	81.11
12/01/21	127.94	0.29	0.22	2.30	69.09	68.33	71.61	71.54	79.47
12/02/21	127.07	-0.87	-0.68	2.37	72.44	72.80	74.77	75.83	84.97
12/03/21	128.38	1.31	1.03	2.27	69.67	72.65	71.98	75.63	84.98
12/06/21	127.23	-1.15	-0.90	2.36	69.24	74.30	71.58	77.03	84.89
12/07/21	126.67	-0.56	-0.44	2.40	69.68	73.33	71.95	76.07	84.89
12/08/21	127.23	0.56	0.44	2.35	61.56	64.71	63.99	67.72	77.46
12/09/21	127.54	0.30	0.24	2.33	61.28	66.28	63.60	69.06	77.20
12/10/21	127.75	0.22	0.17	2.31	59.87	64.39	62.48	67.32	75.25
12/13/21	128.54	0.79	0.62	2.25	61.02	64.45	63.49	67.18	75.16
12/14/21	128.34	-0.20	-0.15	2.27	59.42	64.61	61.85	67.27	75.15
12/15/21	128.06	-0.29	-0.22	2.29	61.10	64.59	63.52	67.19	75.16
12/16/21	128.59	0.53	0.42	2.25	61.36	62.64	64.13	65.78	74.97
12/17/21	128.52	-0.07	-0.05	2.25	63.81	65.72	66.34	68.68	77.31
12/20/21	128.33	-0.20	-0.15	2.27	61.51	65.27	64.23	68.40	77.22
12/21/21	127.75	-0.57	-0.45	2.31	62.79	63.24	65.37	66.27	74.74
12/22/21	128.12	0.36	0.28	2.28	59.77	62.43	62.29	65.47	74.86
12/23/21	127.66	-0.46	-0.36	2.32	59.60	63.45	62.24	66.42	74.86
12/27/21	128.16	0.50	0.39	2.28	57.74	60.62	60.20	63.45	71.91
12/28/21	128.15	-0.01	-0.01	2.28	57.26	59.98	59.78	62.93	71.92
12/29/21	127.38	-0.77	-0.60	2.33	56.47	59.88	59.13	62.96	72.01
12/30/21	127.72	0.34	0.27	2.31	58.82	61.29	61.41	64.19	72.01
12/31/21	127.89	0.17	0.13	2.29	57.73	60.49	60.24	63.53	71.95
01/03/22	126.29	-1.59	-1.24	2.42	59.68	60.37	62.30	63.43	71.92
01/04/22	125.82	-0.48	-0.38	2.46	61.05	59.78	63.81	63.04	71.92
01/05/22	125.36	-0.46	-0.36	2.49	59.55	60.10	62.09	63.13	71.92
01/06/22	125.29	-0.07	-0.05	2.50	58.14	58.61	60.57	61.48	69.61
01/07/22	124.72	-0.57	-0.45	2.54	58.51	59.67	60.89	62.54	70.52
01/10/22	124.47	-0.25	-0.20	2.56	59.82	61.17	62.08	63.81	71.56
01/11/22	124.85	0.38	0.31	2.53	59.01	61.06	61.26	63.67	71.56
01/12/22	125.20	0.35	0.28	2.50	56.55	60.05	58.76	62.65	70.92
01/13/22	124.84	-0.36	-0.29	2.53	64.47	64.01	66.61	66.64	75.28
01/14/22	124.10	-0.74	-0.59	2.59	61.79	64.62	63.89	67.12	75.28
01/18/22	122.96	-1.14	-0.92	2.68	63.21	64.64	65.00	66.94	75.21
01/19/22	123.72	0.76	0.62	2.62	58.91	62.03	60.72	64.34	72.56
01/20/22	123.34	-0.38	-0.31	2.65	66.94	69.10	68.81	70.93	75.14
01/21/22	124.36	1.02	0.82	2.57	62.74	68.68	64.60	70.59	75.15
01/24/22	123.94	-0.42	-0.34	2.60	64.77	71.86	66.75	73.98	79.74
01/25/22	123.06	-0.88	-0.71	2.67	71.12	74.30	73.13	76.35	82.22
01/26/22	122.72	-0.34	-0.28	2.70	65.97	70.88	67.58	72.77	78.78
01/27/22	123.17	0.44	0.36	2.66	68.52	70.39	69.87	72.02	78.93
01/28/22	123.15	-0.01	-0.01	2.66	70.66	70.84	72.12	72.75	81.82
01/31/22	122.50	-0.66	-0.53	2.71	74.46	73.99	76.09	76.17	86.96
02/01/22	122.25	-0.25	-0.21	2.73	76.89	74.45	78.46	76.65	87.38
02/02/22	122.64	0.40	0.32	2.70	74.09	75.03	75.65	77.06	87.38
02/03/22	122.06	-0.58	-0.48	2.75	74.17	74.19	75.63	76.16	86.20
02/04/22	120.40	-1.66	-1.36	2.89	81.07	78.06	82.17	79.78	89.92
02/07/22	120.69	0.29	0.24	2.86	77.75	76.03	78.89	77.85	88.71
02/08/22	120.47	-0.22	-0.18	2.88	75.18	74.35	76.16	76.09	86.78
02/09/22	120.80	0.33	0.27	2.85	73.50	74.72	74.45	76.28	86.43
02/10/22	119.54	-1.25	-1.04	2.96	75.65	74.33	76.07	75.53	86.49
02/11/22	120.25	0.70	0.59	2.90	78.92	74.95	79.26	76.23	88.16
02/14/22	119.81	-0.44	-0.36	2.93	77.60	74.15	77.86	75.14	86.72
02/15/22	118.93	-0.88	-0.74	3.01	79.03	76.80	79.44	77.90	90.16
02/16/22	118.92	0.00	0.00	3.01	79.69	76.91	80.21	78.15	91.03
02/17/22	118.99	0.07	0.06	3.00	86.32	83.69	86.96	84.96	97.56
02/18/22	119.46	0.47	0.40	2.96	86.13	84.15	86.70	85.36	97.56
02/22/22	119.28	-0.19	-0.16	2.98	85.75	83.59	86.05	84.66	97.49
02/23/22	118.78	-0.49	-0.41	3.02	84.77	85.56	85.11	86.55	98.67
02/24/22	118.85	0.07	0.06	3.01	86.74	84.08	87.17	85.37	98.74
02/25/22	118.70	-0.15	-0.13	3.02	88.32	84.74	88.71	85.86	98.79
02/28/22	120.20	1.50	1.26	2.90	88.82	85.66	88.96	87.11	100.12
03/01/22	121.53	1.33	1.10	2.78	87.77	85.92	88.77	87.71	101.40
03/02/22	119.72	-1.80	-1.48	2.93	86.78	87.24	87.53	88.36	101.40
03/03/22	120.36	0.63	0.53	2.88	84.31	83.64	84.89	84.76	98.09
03/04/22	121.74	1.39	1.15	2.76	83.17	83.43	83.59	84.45	98.10
03/07/22	119.80	-1.94	-1.59	2.93	97.55	98.70	97.65	99.22	112.22
03/08/22	117.69	-2.11	-1.76	3.11	108.56	106.01	108.46	106.31	118.67
03/09/22	116.82	-0.87	-0.74	3.18	104.14	106.39	104.09	106.56	118.63
03/10/22	115.74	-1.08	-0.92	3.28	110.72	109.92	110.55	109.98	122.43
03/11/22	115.85	0.10	0.09	3.27	109.75	110.57	109.37	110.42	121.79
03/14/22	114.02	-1.82	-1.57	3.43	111.58	114.12	111.04	113.71	124.86
03/15/22	114.08	0.05	0.05	3.42	109.76	111.86	109.20	111.42	122.53
03/16/22	114.93	0.85	0.74	3.35	96.81	102.34	96.00	101.59	111.81
03/17/22	115.97	1.05	0.91	3.26	88.77	91.36	88.24	90.88	101.67
03/18/22	116.42	0.44	0.38	3.22	87.06	93.40	86.84	93.29	102.05
03/21/22	114.56	-1.86	-1.60	3.38	91.30	94.80	90.74	94.24	102.46
03/22/22	114.40	-0.15	-0.13	3.39	85.29	88.81	84.19	87.82	97.62
03/23/22	114.93	0.53	0.46	3.35	90.81	88.50	89.62	87.67	98.20
03/24/22	114.27	-0.66	-0.57	3.41	89.45	93.09	88.17	92.14	102.08
03/25/22	112.70	-1.57	-1.38	3.55	95.07	93.67	93.39	92.28	101.88
03/28/22	113.02	0.32	0.29	3.52	93.84	93.49	91.81	91.93	100.41
03/29/22	113.67	0.64	0.57	3.46	93.69	94.61	91.71	93.08	102.05
03/30/22	114.56	0.89	0.78	3.38	90.56	89.47	88.37	87.64	97.75
03/31/22	114.94	0.38	0.33	3.34	90.03	89.12	87.67	87.46	97.38
04/01/22	114.10	-0.84	-0.73	3.42	95.31	94.66	92.54	92.53	100.27
04/04/22	114.49	0.39	0.34	3.38	90.42	86.93	87.99	84.97	93.07
04/05/22	113.13	-1.36	-1.19	3.51	89.04	84.69	86.55	82.74	91.30
04/06/22	112.09	-1.04	-0.92	3.60	94.01	87.90	91.68	86.13	95.85
04/07/22	111.43	-0.66	-0.59	3.66	93.79	88.54	91.69	87.02	97.43
04/08/22	110.98	-0.45	-0.41	3.71	91.93	86.74	89.76	85.10	95.86
04/11/22	109.46	-1.51	-1.36	3.85	97.28	94.09	95.27	92.49	103.85
04/12/22	110.09	0.63	0.57	3.79	96.46	91.37	94.74	90.17	103.42
04/13/22	110.56	0.47	0.42	3.74	94.39	90.22	92.84	89.12	102.44
04/14/22	109.32	-1.24	-1.12	3.86	94.53	91.06	92.81	89.68	102.42
04/18/22	109.12	-0.19	-0.18	3.88	93.55	87.70	91.88	86.34	98.85
04/19/22	108.46	-0.66	-0.61	3.94	91.31	89.27	89.35	87.62	100.32
04/20/22	109.22	0.76	0.70	3.87	94.71	90.68	92.61	88.99	100.32
04/21/22	107.96	-1.26	-1.16	3.99	101.27	95.92	98.75	93.89	105.10
04/22/22	107.63	-0.33	-0.31	4.02	105.45	99.60	102.99	97.57	109.47
04/25/22	108.42	0.79	0.73	3.95	103.89	98.48	101.53	96.64	109.44
04/26/22	108.69	0.28	0.26	3.92	108.99	99.98	106.84	98.35	112.01
04/27/22	108.56	-0.14	-0.12	3.93	98.88	97.04	96.76	95.46	108.89
04/28/22	107.89	-0.66	-0.61	4.00	105.34	99.92	102.89	97.95	110.67
04/29/22	107.73	-0.17	-0.15	4.01	97.00	99.40	94.38	97.32	110.32
05/02/22	106.89	-0.84	-0.78	4.09	101.94	96.21	99.29	93.99	107.58
05/03/22	107.07	0.18	0.17	4.08	101.37	99.02	98.55	96.71	109.40
05/04/22	107.33	0.25	0.24	4.05	99.65	98.36	97.28	96.48	111.27
05/05/22	105.86	-1.47	-1.37	4.20	106.27	98.32	103.89	96.18	110.85
05/06/22	105.28	-0.58	-0.55	4.25	102.44	97.75	100.11	96.03	112.66
05/09/22	105.57	0.29	0.28	4.22	109.47	98.27	107.39	96.70	114.27
05/10/22	106.58	1.01	0.96	4.12	102.17	97.89	100.10	95.90	110.96
05/11/22	107.33	0.74	0.70	4.05	101.55	98.24	99.31	96.26	110.83
05/12/22	108.04	0.71	0.66	3.98	97.78	100.13	95.87	98.33	112.78
05/13/22	106.76	-1.28	-1.18	4.11	105.88	101.57	103.82	99.76	116.26
05/16/22	107.31	0.55	0.52	4.05	103.22	98.81	101.38	97.31	116.23
05/17/22	106.54	-0.77	-0.72	4.13	101.68	98.97	99.57	97.20	115.76
05/18/22	106.75	0.21	0.20	4.11	109.53	104.85	107.32	102.89	119.89
05/19/22	107.16	0.41	0.39	4.07	109.48	103.03	107.42	101.23	118.93
05/20/22	107.72	0.56	0.52	4.01	111.37	105.21	109.27	103.40	119.80
05/23/22	107.29	-0.43	-0.40	4.05	109.85	100.86	107.68	99.07	117.04
05/24/22	108.34	1.05	0.98	3.95	107.96	99.04	106.07	97.68	116.54
05/25/22	108.95	0.61	0.56	3.89	100.83	94.35	99.20	93.18	111.39
05/26/22	109.43	0.49	0.45	3.84	95.80	87.74	94.22	86.72	105.84
05/27/22	109.39	-0.05	-0.04	3.85	96.26	91.02	94.68	89.71	107.02
05/31/22	108.87	-0.52	-0.47	3.90	90.51	85.27	88.95	84.02	102.43
06/01/22	108.02	-0.85	-0.78	3.98	94.44	87.24	92.52	85.60	102.33
06/02/22	108.18	0.16	0.15	3.96	92.05	85.94	90.18	84.55	102.51
06/03/22	107.56	-0.62	-0.58	4.02	95.39	90.06	93.47	88.37	104.58
06/06/22	106.92	-0.63	-0.59	4.09	89.70	92.57	87.69	90.45	103.52
06/07/22	107.38	0.45	0.42	4.04	92.29	90.50	90.19	88.63	104.71
06/08/22	106.87	-0.51	-0.47	4.09	94.46	88.91	92.26	87.00	104.14
06/09/22	106.63	-0.24	-0.22	4.12	95.57	90.08	93.22	88.09	105.10
06/10/22	105.02	-1.61	-1.51	4.28	103.40	98.00	100.30	95.26	110.36
06/13/22	102.25	-2.77	-2.64	4.56	113.33	104.67	109.43	101.73	119.04
06/14/22	101.31	-0.93	-0.91	4.66	112.52	103.17	108.51	99.86	117.47
06/15/22	102.46	1.15	1.13	4.54	117.52	98.46	113.67	95.36	113.85
06/16/22	102.82	0.36	0.35	4.50	124.16	102.86	120.43	99.97	118.56
06/17/22	103.02	0.19	0.19	4.48	116.39	107.22	112.51	104.39	124.43
06/21/22	102.55	-0.47	-0.45	4.53	115.43	106.12	111.67	103.05	121.40
06/22/22	103.83	1.28	1.25	4.40	112.35	107.92	108.87	105.09	122.81
06/23/22	104.35	0.52	0.50	4.34	113.99	109.77	110.71	107.14	125.95
06/24/22	104.35	0.01	0.01	4.34	108.12	103.18	104.84	100.54	120.45
06/27/22	104.24	-0.12	-0.11	4.35	103.07	98.75	99.79	95.98	114.70
06/28/22	103.57	-0.66	-0.64	4.42	111.18	104.11	107.85	101.30	120.19
06/29/22	104.23	0.66	0.64	4.35	113.48	108.51	110.31	105.91	124.64
06/30/22	105.06	0.83	0.80	4.27	112.67	110.31	109.82	108.06	128.17
07/01/22	105.76	0.69	0.66	4.20	116.97	107.28	114.46	105.71	129.44
07/05/22	106.54	0.79	0.74	4.12	116.53	107.52	113.88	105.85	130.77
07/06/22	105.69	-0.86	-0.80	4.21	113.60	110.02	110.69	108.18	129.49
07/07/22	105.71	0.02	0.02	4.20	105.99	101.61	103.10	99.43	119.88
07/08/22	105.17	-0.53	-0.50	4.26	103.92	96.15	100.97	94.04	115.92
07/11/22	105.94	0.77	0.73	4.18	104.59	99.99	101.66	97.70	118.80
07/12/22	106.28	0.35	0.33	4.15	103.39	100.06	100.59	97.68	118.44
07/13/22	106.44	0.16	0.15	4.13	105.88	106.34	102.85	103.57	122.02
07/14/22	105.95	-0.49	-0.46	4.18	109.19	107.00	105.99	104.16	121.78
07/15/22	107.00	1.05	0.99	4.07	103.33	96.29	100.24	93.53	112.96
07/18/22	107.29	0.28	0.27	4.05	93.77	88.82	90.77	86.18	107.08
07/19/22	106.63	-0.65	-0.61	4.11	97.43	92.34	94.28	89.35	107.95
07/20/22	106.43	-0.20	-0.19	4.13	98.66	92.81	95.46	89.74	108.10
07/21/22	107.81	1.38	1.29	3.99	98.21	88.90	95.31	86.21	106.15
07/22/22	109.30	1.49	1.38	3.85	94.25	84.27	91.70	82.03	103.59
07/25/22	108.89	-0.41	-0.37	3.89	94.15	83.84	91.49	81.57	104.16
07/26/22	108.87	-0.02	-0.02	3.89	94.07	89.41	91.31	86.98	107.50
07/27/22	109.40	0.53	0.49	3.84	88.80	88.52	86.42	86.39	107.59
07/28/22	110.87	1.47	1.34	3.70	85.28	77.04	83.23	75.37	98.25
07/29/22	110.68	-0.19	-0.17	3.71	90.61	82.61	88.54	80.97	103.75
08/01/22	111.68	1.01	0.91	3.62	89.98	76.79	87.73	75.34	97.63
08/02/22	109.81	-1.88	-1.68	3.80	90.42	87.19	87.83	84.79	102.59
08/03/22	109.77	-0.04	-0.03	3.80	96.40	85.98	93.51	83.58	102.04
08/04/22	110.39	0.63	0.57	3.74	90.84	84.47	88.22	82.51	103.25
08/05/22	107.98	-2.41	-2.19	3.97	103.00	94.10	99.85	91.48	111.84
08/08/22	109.67	1.69	1.57	3.81	94.16	84.02	91.01	81.57	101.66
08/09/22	108.37	-1.30	-1.19	3.94	105.46	96.49	101.95	93.43	111.08
08/10/22	109.65	1.29	1.19	3.81	92.19	83.63	89.11	81.00	99.60
08/11/22	108.61	-1.05	-0.96	3.91	92.21	81.88	89.15	79.43	100.11
08/12/22	109.07	0.46	0.43	3.87	92.51	83.22	89.44	80.59	98.45
08/15/22	109.67	0.60	0.55	3.81	91.88	81.79	88.99	79.37	97.92
08/16/22	109.36	-0.30	-0.28	3.84	93.14	84.04	90.10	81.38	98.58
08/17/22	108.25	-1.11	-1.01	3.95	94.59	89.40	91.41	86.54	103.29
08/18/22	108.63	0.38	0.35	3.91	92.99	87.79	89.91	84.92	100.97
08/19/22	107.48	-1.15	-1.06	4.02	94.74	88.30	91.69	85.59	103.19
08/22/22	106.50	-0.97	-0.91	4.12	99.35	93.95	95.95	91.02	107.96
08/23/22	106.45	-0.06	-0.05	4.12	95.29	92.65	92.01	89.76	107.03
08/24/22	105.95	-0.50	-0.47	4.18	93.99	91.60	90.69	88.82	107.03
08/25/22	108.21	2.26	2.13	3.95	78.47	77.94	75.28	74.73	89.74
08/26/22	106.89	-1.31	-1.21	4.08	91.81	91.39	88.37	88.11	102.74
08/29/22	105.73	-1.16	-1.09	4.20	97.59	96.03	94.05	92.77	108.41
08/30/22	105.66	-0.08	-0.07	4.20	97.64	97.62	94.06	94.24	109.18
08/31/22	105.79	0.14	0.13	4.19	90.07	92.16	85.65	88.96	105.36
09/01/22	103.72	-2.08	-1.96	4.40	103.44	101.33	99.61	98.33	113.79
09/02/22	105.34	1.62	1.56	4.24	91.66	88.16	88.24	85.41	104.07
09/06/22	103.56	-1.78	-1.69	4.42	96.83	91.71	93.05	89.14	108.05
09/07/22	103.78	0.22	0.21	4.40	102.88	98.65	99.16	95.94	113.21
09/08/22	103.81	0.03	0.03	4.39	97.15	95.29	93.44	92.59	110.25
09/09/22	104.25	0.44	0.42	4.35	94.08	87.33	90.34	84.46	102.60
09/12/22	104.31	0.06	0.06	4.34	88.91	82.45	85.29	79.73	98.07
09/13/22	103.23	-1.08	-1.03	4.45	96.96	87.17	92.87	84.12	103.28
09/14/22	103.27	0.04	0.03	4.45	96.67	87.62	92.36	84.38	103.62
09/15/22	102.90	-0.37	-0.36	4.49	96.46	87.38	91.99	83.94	102.68
09/16/22	102.55	-0.35	-0.34	4.53	100.04	89.61	95.55	86.46	107.90
09/19/22	102.53	-0.02	-0.02	4.53	96.88	87.55	92.31	83.93	103.82
09/20/22	102.00	-0.53	-0.51	4.58	96.40	86.37	91.77	83.03	101.18
09/21/22	102.98	0.98	0.96	4.48	89.31	82.53	84.65	78.86	96.66
09/22/22	100.43	-2.54	-2.47	4.75	101.74	90.94	96.91	87.49	104.54
09/23/22	99.93	-0.50	-0.50	4.81	111.18	100.17	105.80	96.39	111.32
09/26/22	98.58	-1.35	-1.35	4.96	107.72	98.34	102.41	94.56	107.90
09/27/22	97.92	-0.66	-0.67	5.03	114.66	97.33	109.29	93.78	106.72
09/28/22	99.26	1.34	1.37	4.88	112.60	104.48	107.27	101.04	117.39
09/29/22	98.46	-0.81	-0.81	4.97	116.40	110.53	110.98	107.04	122.12
09/30/22	98.49	0.03	0.04	4.97	112.57	104.53	107.22	101.12	116.24
10/03/22	100.31	1.82	1.85	4.76	110.63	95.53	105.28	92.27	111.55
10/04/22	101.40	1.08	1.08	4.65	101.49	87.61	96.42	84.25	103.16
10/05/22	99.79	-1.60	-1.58	4.82	106.05	91.89	100.98	88.75	106.19
10/06/22	99.77	-0.03	-0.03	4.82	101.17	87.42	96.08	83.99	100.03
10/07/22	98.92	-0.84	-0.84	4.92	105.04	90.97	99.79	87.62	103.57
10/10/22	98.21	-0.71	-0.72	5.00	113.14	89.90	107.81	86.83	111.54
10/11/22	97.36	-0.85	-0.87	5.09	117.18	102.07	111.92	99.04	115.61
10/12/22	97.85	0.49	0.51	5.04	114.71	101.66	109.39	98.53	113.67
10/13/22	97.90	0.05	0.06	5.03	112.28	96.37	106.85	93.12	107.94
10/14/22	96.56	-1.35	-1.37	5.18	119.90	105.67	114.59	102.53	117.77
10/17/22	96.93	0.37	0.38	5.14	115.80	100.65	110.73	97.66	113.14
10/18/22	97.11	0.19	0.19	5.12	114.26	101.47	109.22	98.43	112.64
10/19/22	95.95	-1.16	-1.20	5.25	115.16	105.17	110.16	102.04	112.68
10/20/22	95.98	0.03	0.03	5.25	103.03	96.10	98.13	92.88	102.66
10/21/22	95.39	-0.59	-0.61	5.32	108.61	99.69	104.43	97.10	110.64
10/24/22	96.26	0.87	0.91	5.22	96.41	84.73	92.21	82.20	98.94
10/25/22	96.82	0.56	0.58	5.16	102.44	90.22	98.01	87.69	104.62
10/26/22	97.55	0.73	0.76	5.07	105.41	91.80	100.80	89.18	105.80
10/27/22	98.65	1.09	1.12	4.95	100.83	85.23	96.20	82.65	101.32
10/28/22	97.42	-1.23	-1.25	5.09	104.68	91.31	99.97	88.78	107.66
10/31/22	97.32	-0.10	-0.10	5.10	101.73	84.82	97.04	82.39	102.40
11/01/22	97.19	-0.13	-0.13	5.11	104.16	90.36	99.13	87.71	106.26
11/02/22	97.75	0.56	0.57	5.05	92.10	85.37	87.08	82.73	99.27
11/03/22	96.41	-1.33	-1.37	5.20	103.37	94.11	98.53	91.45	108.21
11/04/22	96.30	-0.11	-0.12	5.22	103.21	90.18	98.71	87.86	105.83
11/07/22	96.71	0.41	0.42	5.17	95.35	79.22	90.94	76.88	95.90
11/08/22	96.85	0.14	0.14	5.15	101.55	87.80	97.19	85.47	102.71
11/09/22	96.63	-0.22	-0.23	5.18	107.96	87.30	103.77	85.15	102.91
11/10/22	99.90	3.27	3.39	4.81	97.33	78.02	92.83	75.78	97.10
11/11/22	100.08	0.18	0.18	4.79	95.34	74.42	90.82	72.09	95.10
11/14/22	100.21	0.13	0.13	4.78	91.62	72.33	87.09	69.90	89.85
11/15/22	101.19	0.98	0.98	4.67	89.27	67.27	84.69	64.69	85.67
11/16/22	101.99	0.80	0.79	4.58	91.68	71.95	86.85	69.08	89.13
11/17/22	101.14	-0.85	-0.84	4.68	92.80	73.26	87.86	70.44	90.21
11/18/22	101.19	0.06	0.06	4.67	85.93	69.07	80.99	66.08	85.34
11/21/22	101.14	-0.05	-0.05	4.67	86.06	69.32	81.06	66.24	84.82
11/22/22	101.23	0.09	0.09	4.66	95.11	75.59	89.88	72.29	90.90
11/23/22	101.98	0.75	0.74	4.58	92.39	74.25	87.25	70.69	87.49
11/25/22	102.12	0.14	0.14	4.57	91.18	73.41	85.99	69.80	86.75
11/28/22	102.26	0.14	0.14	4.55	90.55	70.56	85.41	66.87	84.86
11/29/22	101.01	-1.24	-1.22	4.69	98.60	80.37	93.33	76.94	94.08
11/30/22	101.33	0.32	0.32	4.65	107.95	79.71	102.77	76.41	95.26
12/01/22	103.38	2.04	2.02	4.43	95.25	74.84	90.39	71.19	90.53
12/02/22	103.69	0.32	0.31	4.40	94.07	74.21	89.20	70.44	88.84
12/05/22	102.53	-1.17	-1.13	4.52	96.90	78.32	91.86	74.31	92.53
12/06/22	102.99	0.46	0.45	4.48	98.36	81.62	93.12	77.54	95.44
12/07/22	103.34	0.35	0.34	4.44	103.76	88.49	98.40	84.36	102.11
12/08/22	103.37	0.03	0.03	4.43	98.20	79.17	92.94	75.05	92.98
12/09/22	102.75	-0.63	-0.61	4.50	93.12	79.42	88.06	75.37	92.81
12/12/22	102.36	-0.39	-0.38	4.54	95.41	80.30	90.25	76.16	92.27
12/13/22	103.66	1.30	1.27	4.40	89.89	77.23	85.02	73.31	89.12
12/14/22	103.49	-0.17	-0.16	4.42	94.91	79.24	90.13	75.38	90.73
12/15/22	103.83	0.34	0.32	4.39	93.94	81.13	89.15	77.32	92.03
12/16/22	103.48	-0.34	-0.33	4.42	94.08	80.74	89.39	77.03	93.05
12/19/22	102.72	-0.76	-0.73	4.50	94.59	79.51	89.86	75.72	91.23
12/20/22	101.52	-1.20	-1.17	4.63	99.97	82.85	95.13	79.11	94.85
12/21/22	101.62	0.10	0.10	4.62	98.28	81.00	93.43	77.30	93.78
12/22/22	101.60	-0.02	-0.02	4.62	97.02	82.59	92.11	78.80	95.10
12/23/22	101.09	-0.51	-0.50	4.68	96.35	79.97	91.35	76.35	93.59
12/27/22	100.26	-0.83	-0.82	4.77	98.08	78.16	93.07	74.64	91.04
12/28/22	100.10	-0.17	-0.17	4.79	94.78	78.02	89.79	74.69	90.42
12/29/22	100.35	0.25	0.25	4.76	98.48	80.33	93.32	76.85	92.60
12/30/22	100.12	-0.23	-0.23	4.79	95.80	82.55	90.65	78.66	95.94
01/03/23	100.83	0.71	0.71	4.71	103.28	79.21	98.00	75.52	91.68
01/04/23	101.58	0.76	0.75	4.63	98.78	80.07	93.69	76.50	91.65
01/05/23	101.74	0.16	0.16	4.61	94.60	78.37	89.55	74.71	88.80
01/06/23	103.31	1.56	1.54	4.44	92.54	73.76	87.81	70.17	86.78
01/09/23	103.74	0.43	0.42	4.39	90.53	74.51	85.98	71.00	86.57
01/10/23	103.11	-0.63	-0.61	4.46	89.02	70.62	84.49	67.13	83.87
01/11/23	103.19	0.08	0.08	4.45	94.58	76.82	89.96	73.39	89.34
01/12/23	104.24	1.05	1.02	4.34	90.56	76.28	86.22	72.94	88.11
01/13/23	103.63	-0.61	-0.59	4.40	92.22	76.98	87.82	73.59	88.38
01/17/23	103.85	0.23	0.22	4.38	84.93	72.30	80.75	69.01	83.50
01/18/23	105.21	1.36	1.31	4.24	85.54	74.21	81.47	71.05	84.28
01/19/23	104.64	-0.57	-0.54	4.30	91.03	77.83	86.84	74.57	88.76
01/20/23	103.85	-0.79	-0.75	4.38	92.05	77.69	87.78	74.42	89.49
01/23/23	103.67	-0.18	-0.18	4.40	90.26	76.38	85.97	73.05	87.39
01/24/23	104.13	0.46	0.44	4.35	91.43	77.40	87.16	74.04	87.01
01/25/23	104.13	0.00	0.00	4.35	91.56	78.02	87.33	74.73	87.94
01/26/23	103.96	-0.16	-0.16	4.37	88.14	76.95	83.92	73.62	86.42
01/27/23	103.59	-0.38	-0.36	4.41	90.16	78.45	85.96	75.10	87.97
01/30/23	103.13	-0.46	-0.45	4.46	92.84	80.51	88.51	77.08	89.88
01/31/23	103.48	0.35	0.34	4.42	92.20	78.23	88.08	75.03	88.12
02/01/23	104.85	1.38	1.33	4.27	84.00	76.17	80.07	73.12	85.74
02/02/23	105.13	0.28	0.27	4.24	82.73	73.07	78.98	70.23	82.87
02/03/23	103.82	-1.31	-1.25	4.38	85.82	74.59	81.76	71.38	83.62
02/06/23	102.56	-1.26	-1.21	4.52	90.24	79.53	85.80	76.02	87.74
02/07/23	102.04	-0.52	-0.51	4.57	92.71	81.32	88.31	77.82	89.41
02/08/23	102.48	0.44	0.43	4.53	93.26	77.23	88.85	73.85	86.40
02/09/23	101.92	-0.56	-0.55	4.59	94.05	80.02	89.57	76.55	88.42
02/10/23	101.24	-0.68	-0.67	4.66	95.19	80.98	90.58	77.60	90.06
02/13/23	101.23	-0.01	-0.01	4.66	98.15	84.87	93.41	81.32	92.46
02/14/23	101.13	-0.09	-0.09	4.67	95.23	81.59	90.38	77.84	89.15
02/15/23	100.94	-0.20	-0.19	4.69	91.97	78.88	87.21	75.25	86.59
02/16/23	100.57	-0.36	-0.36	4.74	89.78	78.65	85.11	75.19	89.32
02/17/23	100.79	0.22	0.22	4.71	91.09	77.67	86.33	74.03	88.21
02/21/23	99.76	-1.03	-1.02	4.83	89.83	76.73	85.05	73.18	87.36
02/22/23	99.67	-0.09	-0.09	4.84	93.27	80.88	88.40	77.24	91.25
02/23/23	100.35	0.68	0.68	4.76	90.11	77.13	85.27	73.44	88.06
02/24/23	99.81	-0.54	-0.54	4.82	88.61	75.58	83.72	72.07	87.36
02/27/23	99.96	0.15	0.15	4.80	90.18	77.10	85.23	73.62	88.20
02/28/23	99.88	-0.08	-0.08	4.81	91.47	78.13	85.44	74.73	89.68
03/01/23	98.71	-1.17	-1.17	4.95	97.03	84.18	91.83	80.56	94.89
03/02/23	98.29	-0.42	-0.43	4.99	95.57	81.19	90.43	77.64	92.04
03/03/23	99.91	1.63	1.65	4.81	86.20	73.96	81.21	69.94	84.54
03/06/23	99.83	-0.08	-0.08	4.82	88.01	72.93	82.99	69.03	83.48
03/07/23	99.48	-0.36	-0.36	4.86	92.39	78.14	87.09	73.96	88.26
03/08/23	99.19	-0.28	-0.28	4.89	93.54	82.16	88.15	77.82	91.27
03/09/23	99.50	0.31	0.31	4.85	97.82	83.10	92.55	78.85	93.02
03/10/23	100.65	1.15	1.15	4.73	105.52	92.30	100.16	87.88	103.07
03/13/23	101.87	1.22	1.21	4.59	100.25	95.62	95.67	91.49	107.06
03/14/23	101.13	-0.74	-0.72	4.67	94.78	94.60	89.96	90.26	103.64
03/15/23	101.38	0.24	0.24	4.65	110.52	100.66	105.21	96.23	115.19
03/16/23	101.53	0.15	0.15	4.63	100.49	91.62	95.27	87.16	104.10
03/17/23	103.53	2.00	1.97	4.41	93.29	85.60	88.52	81.58	100.40
03/20/23	102.64	-0.90	-0.87	4.51	98.63	87.46	93.63	83.32	102.24
03/21/23	102.25	-0.38	-0.37	4.55	91.15	80.76	86.15	76.48	93.90
03/22/23	103.73	1.48	1.45	4.39	89.61	72.78	84.93	68.93	87.49
03/23/23	104.23	0.50	0.49	4.33	88.24	74.58	83.67	71.00	91.24
03/24/23	104.48	0.24	0.23	4.31	90.52	68.97	86.00	65.49	91.36
03/27/23	103.24	-1.23	-1.18	4.44	89.27	76.59	84.55	72.61	90.53
03/28/23	102.71	-0.54	-0.52	4.50	93.31	77.32	88.39	73.35	92.53
03/29/23	102.95	0.24	0.24	4.47	88.76	74.29	84.00	70.36	90.01
03/30/23	103.26	0.31	0.30	4.44	87.85	74.92	83.02	70.98	87.78
03/31/23	103.86	0.60	0.58	4.37	89.49	74.00	84.88	70.31	86.77
04/03/23	104.16	0.30	0.29	4.34	90.86	76.72	86.36	73.11	89.54
04/04/23	104.88	0.72	0.69	4.26	89.97	79.88	85.63	76.35	91.11
04/05/23	105.23	0.35	0.33	4.23	88.03	80.14	83.71	76.68	92.11
04/06/23	105.40	0.17	0.16	4.21	87.05	73.27	82.65	70.10	90.08
04/10/23	104.35	-1.04	-0.99	4.32	87.33	76.70	82.72	73.10	89.07
04/11/23	104.53	0.18	0.17	4.30	85.84	72.42	81.29	68.85	85.05
04/12/23	104.59	0.06	0.06	4.29	88.07	73.41	83.69	69.96	85.83
04/13/23	104.45	-0.14	-0.13	4.31	84.98	71.62	80.64	68.16	84.01
04/14/23	103.82	-0.63	-0.60	4.38	84.95	71.69	80.45	68.08	84.02
04/17/23	103.47	-0.35	-0.34	4.41	80.18	69.03	75.66	65.36	81.25
04/18/23	103.73	0.25	0.25	4.39	79.05	67.90	74.36	64.10	80.29
04/19/23	103.45	-0.28	-0.27	4.42	81.52	68.87	76.75	64.99	80.22
04/20/23	103.08	-0.36	-0.35	4.46	90.97	76.89	86.03	72.96	90.07
04/21/23	102.86	-0.23	-0.22	4.48	89.05	75.47	84.11	71.63	90.91
04/24/23	103.33	0.48	0.46	4.43	91.91	76.16	87.10	72.36	90.30
04/25/23	104.37	1.03	1.00	4.32	89.30	76.01	84.59	72.28	90.96
04/26/23	103.82	-0.55	-0.53	4.38	90.34	78.19	85.61	74.51	94.42
04/27/23	103.37	-0.44	-0.43	4.42	88.09	76.01	83.41	72.12	88.51
04/28/23	103.75	0.37	0.36	4.38	93.21	79.30	88.41	75.44	92.33
05/01/23	102.43	-1.32	-1.27	4.53	91.23	82.63	86.54	78.76	95.38
05/02/23	103.49	1.06	1.04	4.41	93.04	83.81	88.46	80.09	96.27
05/03/23	103.83	0.33	0.32	4.38	95.65	83.88	91.31	80.22	96.34
05/04/23	103.83	0.00	0.00	4.37	92.75	86.13	88.36	83.01	102.46
05/05/23	102.88	-0.95	-0.91	4.48	99.03	88.77	94.48	85.49	103.19
05/08/23	102.04	-0.84	-0.81	4.57	102.44	98.05	97.81	94.91	104.99
05/09/23	102.36	0.32	0.31	4.53	98.57	87.00	93.98	83.88	101.46
05/10/23	103.19	0.82	0.80	4.44	96.12	85.20	91.63	82.26	100.57
05/11/23	103.51	0.32	0.31	4.41	98.19	86.38	93.69	83.12	100.65
05/12/23	103.08	-0.42	-0.41	4.46	96.38	84.91	91.91	81.54	99.03
05/15/23	102.60	-0.48	-0.47	4.51	98.78	85.22	94.28	82.26	99.75
05/16/23	102.24	-0.36	-0.35	4.55	99.47	85.71	94.87	82.60	100.03
05/17/23	101.89	-0.34	-0.34	4.59	101.04	86.79	96.37	83.51	100.64
05/18/23	101.39	-0.50	-0.49	4.64	98.06	85.42	93.29	81.87	99.61
05/19/23	101.29	-0.10	-0.10	4.65	95.45	81.83	90.65	78.25	96.17
05/22/23	101.13	-0.16	-0.16	4.67	93.61	80.97	88.76	77.52	95.66
05/23/23	101.37	0.24	0.24	4.64	91.36	81.39	86.57	78.14	95.03
05/24/23	101.14	-0.23	-0.22	4.67	90.15	81.54	85.21	78.21	95.44
05/25/23	100.38	-0.76	-0.75	4.76	91.24	82.89	86.10	79.39	94.39
05/26/23	100.78	0.40	0.40	4.71	87.48	80.17	82.31	76.28	89.01
05/30/23	101.80	1.02	1.01	4.60	86.84	75.22	81.81	71.08	89.93
05/31/23	102.25	0.45	0.44	4.54	86.05	75.76	81.23	71.79	90.67
06/01/23	102.61	0.35	0.35	4.51	86.26	75.18	81.53	71.22	89.73
06/02/23	102.07	-0.53	-0.52	4.57	80.66	72.51	75.86	68.38	87.25
06/05/23	102.04	-0.03	-0.03	4.57	83.99	72.96	79.21	68.92	87.63
06/06/23	102.07	0.03	0.03	4.57	86.03	74.16	81.20	70.02	86.21
06/07/23	101.20	-0.87	-0.86	4.66	84.92	73.70	80.02	69.72	87.82
06/08/23	101.71	0.51	0.51	4.61	85.93	75.45	81.00	71.45	89.38
06/09/23	101.47	-0.24	-0.24	4.63	86.77	75.19	81.74	71.10	88.98
06/12/23	101.49	0.02	0.02	4.63	87.60	73.33	82.66	69.40	86.77
06/13/23	100.85	-0.64	-0.64	4.70	86.76	73.33	81.83	69.50	86.79
06/14/23	101.53	0.69	0.68	4.63	81.92	69.92	77.05	65.87	83.16
06/15/23	102.16	0.63	0.62	4.56	80.00	69.65	75.14	65.62	82.70
06/16/23	101.76	-0.39	-0.39	4.60	80.92	69.85	75.93	65.73	83.02
06/20/23	102.33	0.56	0.55	4.54	78.64	68.05	73.71	63.88	80.59
06/21/23	102.74	0.41	0.40	4.49	74.29	63.76	69.42	59.60	76.16
06/22/23	101.98	-0.76	-0.74	4.58	76.04	64.93	71.05	60.71	77.83
06/23/23	102.36	0.38	0.37	4.53	76.74	66.17	71.76	61.94	78.88
06/26/23	102.43	0.07	0.07	4.53	76.98	67.18	71.99	62.95	80.15
06/27/23	102.02	-0.41	-0.40	4.57	78.53	67.81	73.42	63.46	79.96
06/28/23	102.43	0.41	0.40	4.53	78.55	68.25	73.49	63.96	80.69
06/29/23	101.41	-1.02	-0.99	4.64	78.17	66.00	72.98	61.65	78.48
06/30/23	101.83	0.42	0.42	4.59	73.13	64.81	68.01	60.33	76.94
07/03/23	101.68	-0.16	-0.16	4.61	105.19	63.92	94.89	59.39	75.20
07/05/23	100.98	-0.70	-0.68	4.69	106.04	62.83	95.67	58.49	74.41
07/06/23	99.95	-1.03	-1.02	4.81	107.80	65.14	97.25	60.85	76.51
07/07/23	99.93	-0.02	-0.02	4.81	104.17	63.91	93.52	59.70	76.27
07/10/23	100.36	0.43	0.43	4.76	106.32	62.97	95.83	58.82	75.12
07/11/23	100.76	0.40	0.40	4.71	104.59	60.79	94.17	56.57	73.18
07/12/23	102.05	1.29	1.28	4.57	100.06	57.35	90.08	53.15	70.63
07/13/23	102.89	0.84	0.82	4.47	99.59	57.70	89.90	53.70	70.57
07/14/23	102.38	-0.51	-0.49	4.53	98.82	58.17	88.94	54.04	70.78
07/17/23	102.38	-0.01	0.00	4.53	101.64	60.03	91.78	55.94	73.17
07/18/23	102.34	-0.04	-0.04	4.53	104.33	61.56	94.35	57.46	74.38
07/19/23	103.02	0.69	0.67	4.46	100.10	58.76	90.28	54.56	70.50
07/20/23	102.09	-0.94	-0.91	4.56	100.58	58.85	90.59	54.62	70.67
07/21/23	102.16	0.08	0.07	4.55	100.59	59.44	90.58	55.18	71.35
07/24/23	101.99	-0.18	-0.18	4.57	99.43	60.13	89.33	55.88	71.38
07/25/23	101.60	-0.38	-0.37	4.62	102.32	59.52	92.09	55.26	70.55
07/26/23	102.04	0.44	0.43	4.57	99.53	59.26	89.51	55.03	71.50
07/27/23	100.54	-1.51	-1.48	4.74	104.22	61.20	93.84	57.30	72.66
07/28/23	101.05	0.51	0.51	4.68	102.60	58.85	92.53	54.91	71.16
07/31/23	101.28	0.23	0.23	4.65	99.23	58.73	89.20	54.87	70.57
08/01/23	100.65	-0.63	-0.62	4.72	100.23	56.63	90.00	53.02	69.01
08/02/23	100.23	-0.42	-0.42	4.77	101.39	57.09	91.07	53.63	70.20
08/03/23	99.16	-1.07	-1.07	4.90	104.61	57.78	94.21	54.58	71.19
08/04/23	100.41	1.25	1.26	4.75	101.88	56.44	91.68	53.09	70.52
08/07/23	100.14	-0.27	-0.27	4.78	102.12	55.70	91.93	52.51	69.60
08/08/23	100.72	0.58	0.58	4.72	101.99	56.03	91.82	52.63	69.79
08/09/23	100.93	0.21	0.21	4.69	100.96	56.01	90.75	52.45	68.94
08/10/23	100.13	-0.80	-0.79	4.78	99.88	54.04	89.61	50.72	67.41
08/11/23	99.65	-0.48	-0.48	4.84	100.12	54.11	89.76	50.76	66.79
08/14/23	99.41	-0.24	-0.24	4.87	99.94	55.84	89.37	52.32	67.31
08/15/23	99.15	-0.26	-0.26	4.90	100.10	55.19	89.59	51.83	67.48
08/16/23	98.51	-0.63	-0.64	4.97	103.17	58.54	92.58	55.30	70.06
08/17/23	98.39	-0.12	-0.12	4.99	101.38	57.41	90.79	54.05	69.90
08/18/23	98.72	0.33	0.33	4.95	100.57	57.26	90.10	54.05	69.98
08/21/23	98.00	-0.72	-0.73	5.03	101.33	57.35	90.88	54.28	69.63
08/22/23	98.13	0.14	0.14	5.02	100.88	57.38	90.17	54.08	69.00
08/23/23	99.45	1.32	1.35	4.86	99.29	55.67	88.64	52.15	67.87
08/24/23	99.16	-0.29	-0.29	4.90	97.80	54.29	87.09	50.76	66.18
08/25/23	99.17	0.01	0.01	4.90	98.33	54.36	87.59	50.79	66.23
08/28/23	99.46	0.29	0.29	4.86	97.44	53.25	86.76	49.66	66.00
08/29/23	100.31	0.85	0.85	4.76	96.05	51.41	85.58	47.80	65.17
08/30/23	100.26	-0.05	-0.05	4.77	97.50	52.01	87.02	48.39	65.59
08/31/23	100.64	0.39	0.38	4.72	95.16	49.57	84.99	46.05	62.94
09/01/23	99.65	-0.99	-0.99	4.84	98.58	52.20	88.26	49.00	65.57
09/05/23	99.05	-0.59	-0.59	4.91	98.90	51.23	88.55	48.16	64.60
09/06/23	98.67	-0.38	-0.39	4.95	99.29	53.80	88.78	50.61	65.71
09/07/23	99.03	0.36	0.36	4.91	98.63	52.29	88.20	49.13	65.30
09/08/23	99.16	0.14	0.14	4.90	97.23	51.87	86.75	48.58	63.88
09/11/23	99.09	-0.07	-0.07	4.90	95.89	50.01	85.35	46.75	61.93
09/12/23	99.44	0.35	0.35	4.86	93.83	48.26	83.32	44.92	59.82
09/13/23	99.47	0.03	0.03	4.86	94.03	48.51	83.56	45.16	60.82
09/14/23	98.98	-0.49	-0.49	4.92	96.97	51.27	86.50	48.10	63.00
09/15/23	98.70	-0.28	-0.29	4.95	96.34	50.52	85.85	47.36	62.12
09/18/23	98.82	0.12	0.12	4.94	96.51	51.04	86.00	47.87	61.91
09/19/23	98.24	-0.58	-0.59	5.01	98.89	53.75	88.36	50.66	63.98
09/20/23	98.17	-0.07	-0.07	5.01	99.00	54.22	88.34	51.05	64.37
09/21/23	97.14	-1.03	-1.05	5.14	99.89	54.19	89.44	51.30	65.41
09/22/23	97.57	0.43	0.44	5.09	99.41	54.06	89.05	51.15	65.71
09/25/23	96.85	-0.72	-0.73	5.17	97.22	50.47	87.16	47.82	63.15
09/26/23	96.70	-0.16	-0.16	5.19	98.51	51.12	88.38	48.45	64.24
09/27/23	96.21	-0.48	-0.50	5.25	99.27	51.60	88.96	48.89	64.39
09/28/23	96.22	0.01	0.01	5.25	102.20	53.35	92.07	50.70	67.56
09/29/23	96.22	0.00	0.00	5.25	102.51	52.83	92.53	50.26	67.49
10/02/23	95.18	-1.04	-1.08	5.38	104.24	54.95	94.33	52.51	69.42
10/03/23	93.92	-1.25	-1.32	5.54	108.73	59.14	98.98	56.85	73.19
10/04/23	94.62	0.70	0.74	5.45	106.76	57.57	96.95	55.17	72.35
10/05/23	94.76	0.13	0.14	5.43	106.93	56.57	97.29	54.22	71.93
10/06/23	94.15	-0.61	-0.64	5.51	106.63	55.80	96.96	53.53	71.34
10/09/23	95.29	1.13	1.21	5.37	91.25	41.99	81.43	39.52	57.22
10/10/23	95.41	0.12	0.13	5.35	103.69	59.28	94.03	56.99	69.66
10/11/23	96.22	0.81	0.85	5.25	102.63	53.45	92.74	50.91	67.92
10/12/23	95.14	-1.08	-1.12	5.38	103.14	52.45	93.40	50.07	67.76
10/13/23	95.46	0.32	0.33	5.35	106.90	57.60	97.05	55.20	72.29
10/16/23	94.92	-0.53	-0.56	5.41	106.16	56.19	96.32	53.83	70.65
10/17/23	93.83	-1.09	-1.15	5.55	108.57	58.12	98.65	55.78	71.59
10/18/23	93.19	-0.64	-0.68	5.63	110.85	59.78	100.89	57.51	72.88
10/19/23	92.57	-0.62	-0.67	5.71	110.78	60.63	101.02	58.44	72.73
10/20/23	92.98	0.41	0.44	5.66	111.86	64.12	102.23	61.87	74.45
10/23/23	93.71	0.73	0.78	5.57	110.02	61.70	100.27	59.31	71.59
10/24/23	94.24	0.53	0.56	5.50	105.98	53.06	96.11	50.54	68.30
10/25/23	93.27	-0.96	-1.02	5.62	106.81	52.76	97.06	50.36	67.97
10/26/23	94.25	0.97	1.05	5.50	103.36	49.58	93.60	47.08	65.60
10/27/23	94.38	0.13	0.14	5.48	104.38	48.56	94.71	46.04	65.16
10/30/23	93.89	-0.49	-0.52	5.54	106.84	57.34	97.16	54.97	66.69
10/31/23	93.60	-0.29	-0.31	5.58	108.35	57.95	98.88	55.81	67.25
11/01/23	94.83	1.24	1.32	5.43	104.84	56.87	95.42	54.66	66.42
11/02/23	96.16	1.32	1.40	5.26	98.00	50.20	88.19	47.73	59.00
11/03/23	96.87	0.71	0.74	5.17	102.93	50.62	93.27	48.10	60.18
11/06/23	96.30	-0.57	-0.59	5.24	99.17	45.15	89.37	42.53	59.33
11/07/23	96.93	0.64	0.66	5.17	99.81	45.45	89.89	42.70	58.98
11/08/23	97.35	0.42	0.43	5.12	100.60	46.71	90.52	43.80	60.25
11/09/23	96.31	-1.04	-1.07	5.24	100.58	45.71	90.55	43.00	59.33
11/10/23	96.50	0.19	0.19	5.22	100.05	45.61	90.10	43.00	58.45
11/13/23	96.64	0.14	0.15	5.20	96.79	42.36	87.01	39.81	55.89
11/14/23	98.41	1.78	1.84	4.99	91.16	43.96	81.47	41.33	52.76
11/15/23	97.68	-0.74	-0.75	5.08	90.93	38.15	81.24	35.59	51.57
11/16/23	98.43	0.75	0.77	4.99	90.42	39.64	80.79	37.12	53.52
11/17/23	98.68	0.25	0.25	4.96	88.83	38.93	79.01	36.31	51.35
11/20/23	98.88	0.21	0.21	4.93	89.25	38.81	79.33	36.09	51.22
11/21/23	98.98	0.09	0.09	4.92	88.62	38.24	78.82	35.58	51.12
11/22/23	99.07	0.09	0.09	4.91	87.38	36.43	77.47	33.69	49.84
11/24/23	98.86	-0.21	-0.21	4.94	84.95	32.54	75.05	29.85	45.34
11/27/23	99.70	0.84	0.85	4.84	83.86	32.01	73.85	29.18	45.11
11/28/23	100.11	0.41	0.41	4.79	84.28	34.72	74.47	31.91	44.92
11/29/23	100.99	0.88	0.88	4.68	82.02	30.40	72.19	27.51	41.95
11/30/23	100.68	-0.31	-0.31	4.72	77.38	26.07	67.49	23.21	37.48
12/01/23	101.75	1.07	1.06	4.60	76.29	23.50	66.70	20.57	37.38
12/04/23	101.34	-0.41	-0.40	4.64	77.51	24.31	67.71	21.27	37.50
12/05/23	101.50	0.16	0.16	4.62	85.23	33.11	75.55	29.85	45.18
12/06/23	101.91	0.41	0.40	4.58	86.30	33.65	76.58	30.23	45.82
12/07/23	101.40	-0.50	-0.49	4.64	89.48	38.79	79.79	35.65	48.62
12/08/23	100.96	-0.44	-0.44	4.69	86.34	37.43	76.49	34.18	45.56
12/11/23	100.91	-0.05	-0.05	4.69	87.17	37.64	77.28	34.41	45.97
12/12/23	101.15	0.23	0.23	4.67	86.81	37.83	76.94	34.61	46.10
12/13/23	102.83	1.69	1.67	4.47	84.20	32.84	74.85	29.61	44.83
12/14/23	103.94	1.11	1.08	4.34	82.97	32.58	73.89	28.98	43.32
12/15/23	103.73	-0.22	-0.21	4.37	85.14	35.57	76.01	31.96	45.07
12/18/23	103.40	-0.32	-0.31	4.40	85.56	35.88	76.49	32.47	45.38
12/19/23	103.61	0.21	0.20	4.38	85.71	35.92	76.70	32.48	45.47
12/20/23	103.82	0.21	0.20	4.36	90.15	38.18	81.22	34.75	49.63
12/21/23	103.59	-0.22	-0.21	4.38	90.19	38.73	81.22	35.36	49.58
12/22/23	103.45	-0.14	-0.14	4.40	90.00	37.47	81.05	33.99	48.78
12/26/23	103.42	-0.03	-0.03	4.40	90.61	39.18	81.59	35.60	49.53
12/27/23	103.96	0.54	0.52	4.34	94.25	43.76	85.36	40.17	54.20
12/28/23	103.61	-0.35	-0.33	4.38	93.62	42.65	84.61	39.04	52.69
12/29/23	103.17	-0.44	-0.42	4.43	96.22	42.70	87.21	39.15	54.12
01/02/24	102.67	-0.51	-0.49	4.49	98.40	44.55	89.23	41.21	54.90
01/03/24	102.56	-0.11	-0.10	4.50	101.06	49.10	91.81	45.82	59.75
01/04/24	101.86	-0.70	-0.68	4.58	99.62	48.33	90.22	45.22	58.78
01/05/24	101.43	-0.43	-0.42	4.63	99.93	48.10	90.47	45.13	58.53
01/08/24	101.87	0.44	0.43	4.58	96.62	47.40	87.26	44.28	57.03
01/09/24	101.97	0.10	0.10	4.57	94.77	44.57	85.38	41.38	55.10
01/10/24	102.37	0.39	0.39	4.52	88.24	37.53	78.97	34.47	48.07
01/11/24	102.63	0.26	0.26	4.49	90.69	40.22	81.64	37.06	51.04
01/12/24	102.54	-0.09	-0.09	4.50	95.07	43.97	86.01	40.91	54.85
01/16/24	101.60	-0.94	-0.91	4.61	95.71	43.92	86.49	41.08	54.91
01/17/24	101.28	-0.32	-0.31	4.65	95.32	43.61	85.95	40.90	54.84
01/18/24	100.95	-0.33	-0.33	4.69	95.05	43.53	85.71	40.96	54.72
01/19/24	100.96	0.02	0.02	4.69	94.19	43.51	84.70	40.70	54.55
01/22/24	101.29	0.33	0.32	4.65	93.24	44.05	83.83	41.36	54.57
01/23/24	100.92	-0.37	-0.36	4.69	94.49	44.69	85.08	41.93	55.46
01/24/24	100.75	-0.17	-0.17	4.71	92.35	42.41	82.89	39.76	53.44
01/25/24	101.23	0.48	0.48	4.65	91.13	41.57	81.78	38.94	52.96
01/26/24	101.19	-0.04	-0.04	4.66	90.03	39.64	80.56	36.73	51.14
01/29/24	101.77	0.58	0.57	4.59	90.24	40.84	80.83	37.87	51.82
01/30/24	101.76	-0.01	-0.01	4.59	92.66	43.70	83.25	40.79	54.40
01/31/24	102.40	0.64	0.63	4.52	94.70	45.61	85.76	42.70	56.51
02/01/24	102.89	0.48	0.47	4.46	97.81	49.88	88.87	46.74	60.24
02/02/24	101.72	-1.16	-1.13	4.60	94.93	46.71	85.64	43.59	56.83
02/05/24	100.67	-1.05	-1.03	4.72	95.49	46.06	85.94	43.30	55.92
02/06/24	101.45	0.77	0.77	4.63	93.68	43.23	84.25	40.19	53.73
02/07/24	101.18	-0.27	-0.27	4.66	94.44	44.16	84.91	41.15	54.43
02/08/24	100.76	-0.42	-0.42	4.71	94.08	43.92	84.50	41.15	53.99
02/09/24	100.31	-0.45	-0.44	4.76	97.61	47.54	87.95	44.79	57.17
02/12/24	100.60	0.29	0.29	4.73	95.13	44.64	85.48	41.66	54.49
02/13/24	99.25	-1.35	-1.34	4.89	96.80	47.03	86.97	44.35	55.65
02/14/24	99.86	0.61	0.61	4.82	94.32	43.62	84.43	40.67	53.82
02/15/24	100.24	0.38	0.38	4.77	92.22	43.12	82.33	40.23	51.97
02/16/24	99.87	-0.37	-0.37	4.81	92.10	42.28	82.01	39.30	52.35
02/20/24	100.09	0.22	0.22	4.79	91.21	41.07	81.21	38.09	51.48
02/21/24	99.82	-0.28	-0.27	4.82	90.05	39.75	80.02	36.85	49.85
02/22/24	99.94	0.12	0.12	4.81	89.21	38.91	79.01	35.86	48.35
02/23/24	100.30	0.36	0.36	4.76	91.70	40.90	81.54	37.75	50.93
02/26/24	100.12	-0.18	-0.18	4.78	93.70	41.45	83.53	38.28	50.74
02/27/24	99.89	-0.23	-0.23	4.81	94.23	40.78	83.97	37.70	50.59
02/28/24	99.98	0.09	0.10	4.80	95.27	43.68	85.05	40.63	53.58
02/29/24	100.02	0.04	0.04	4.80	96.73	45.51	86.61	42.45	55.50
03/01/24	100.40	0.39	0.39	4.75	97.41	46.72	87.21	43.49	56.52
03/04/24	100.27	-0.14	-0.14	4.77	96.43	46.20	86.24	42.99	54.83
03/05/24	100.89	0.62	0.62	4.69	96.75	47.23	86.75	43.87	55.59
03/06/24	101.21	0.32	0.31	4.65	95.13	47.45	85.22	43.99	54.94
03/07/24	101.32	0.11	0.11	4.64	94.95	47.26	85.09	43.85	54.75
03/08/24	101.20	-0.12	-0.12	4.66	97.06	48.47	87.22	45.13	57.15
03/11/24	101.10	-0.10	-0.10	4.67	97.04	49.39	87.11	46.03	56.77
03/12/24	100.93	-0.17	-0.17	4.69	93.68	45.49	83.73	42.17	52.96
03/13/24	100.74	-0.19	-0.18	4.71	92.65	44.94	82.69	41.64	51.83
03/14/24	100.05	-0.70	-0.69	4.79	91.44	42.35	81.26	39.16	49.75
03/15/24	99.92	-0.13	-0.12	4.81	91.21	41.85	80.94	38.56	49.26
03/18/24	99.94	0.02	0.02	4.81	89.08	39.44	78.71	36.08	47.04
03/19/24	100.30	0.36	0.36	4.76	87.31	38.60	77.07	35.27	46.03
03/20/24	100.25	-0.05	-0.05	4.77	89.09	41.07	78.92	37.89	49.01
03/21/24	100.53	0.27	0.27	4.74	85.78	38.28	75.71	35.03	45.91
03/22/24	100.91	0.38	0.38	4.69	87.15	38.70	77.18	35.30	47.50
03/25/24	100.65	-0.25	-0.25	4.72	85.94	39.74	75.90	36.48	46.94
03/26/24	100.49	-0.17	-0.16	4.74	90.08	43.37	80.08	40.20	50.70
03/27/24	100.82	0.33	0.33	4.70	90.34	42.32	80.44	38.93	51.21
03/28/24	100.81	-0.01	-0.01	4.70	89.77	42.76	79.84	39.37	49.61
04/01/24	99.98	-0.83	-0.82	4.80	88.44	41.25	78.39	38.20	47.67
04/02/24	99.79	-0.19	-0.19	4.82	88.38	40.15	78.31	37.22	46.99
04/03/24	99.94	0.15	0.15	4.81	87.55	38.56	77.48	35.63	45.78
04/04/24	100.11	0.17	0.17	4.79	89.25	40.88	79.25	37.92	48.29
04/05/24	99.34	-0.77	-0.77	4.88	90.14	41.74	80.12	38.88	48.38
04/08/24	99.13	-0.22	-0.22	4.91	90.39	42.02	80.29	39.09	48.20
04/09/24	99.76	0.63	0.64	4.83	88.09	39.89	77.96	36.82	46.30
04/10/24	98.29	-1.47	-1.47	5.01	88.23	41.57	77.89	38.51	46.05
04/11/24	98.12	-0.18	-0.18	5.03	88.28	40.21	77.82	37.06	45.79
04/12/24	98.42	0.31	0.31	4.99	89.73	40.91	79.34	37.81	47.04
04/15/24	97.80	-0.63	-0.64	5.07	89.19	40.72	78.86	37.67	45.38
04/16/24	97.29	-0.51	-0.52	5.13	90.38	42.63	80.01	39.60	46.96
04/17/24	97.82	0.52	0.54	5.07	90.99	42.18	80.69	39.20	48.24
04/18/24	97.43	-0.39	-0.40	5.12	91.35	42.19	81.06	39.22	47.98
04/19/24	97.58	0.15	0.16	5.10	91.10	42.40	80.79	39.40	48.31
04/22/24	97.66	0.08	0.08	5.09	89.80	40.76	79.48	37.77	47.09
04/23/24	97.83	0.17	0.18	5.07	88.67	39.41	78.44	36.46	46.39
04/24/24	97.60	-0.23	-0.23	5.09	87.31	38.53	77.10	35.67	45.32
04/25/24	97.11	-0.49	-0.50	5.16	87.70	39.52	77.48	36.66	45.29
04/26/24	97.45	0.35	0.36	5.11	86.32	39.05	76.06	36.09	44.42
04/29/24	98.19	0.73	0.75	5.02	82.50	35.47	72.08	32.34	40.44
04/30/24	97.64	-0.55	-0.56	5.09	82.98	36.61	72.58	33.55	40.85
05/01/24	97.65	0.01	0.01	5.09	87.46	41.09	77.15	38.07	45.69
05/02/24	98.17	0.52	0.53	5.02	86.57	39.80	76.30	36.79	44.73
05/03/24	98.94	0.77	0.78	4.93	84.26	36.79	73.94	33.71	42.57
05/06/24	99.24	0.30	0.31	4.89	82.83	34.96	72.45	31.79	40.26
05/07/24	99.35	0.11	0.11	4.88	84.43	37.12	74.11	33.97	42.18
05/08/24	98.99	-0.37	-0.37	4.92	85.00	37.65	74.74	34.58	42.79
05/09/24	99.13	0.15	0.15	4.91	85.86	39.02	75.58	35.94	43.66
05/10/24	98.85	-0.28	-0.28	4.94	85.21	38.98	74.91	35.90	42.78
05/13/24	98.90	0.05	0.05	4.93	85.97	39.93	75.67	36.83	43.82
05/14/24	99.19	0.29	0.29	4.90	85.99	37.05	75.67	33.87	43.95
05/15/24	99.79	0.60	0.61	4.83	87.52	40.65	77.28	37.38	46.29
05/16/24	99.67	-0.12	-0.12	4.84	86.09	42.27	75.80	39.01	46.09
05/17/24	99.41	-0.26	-0.26	4.87	85.53	40.71	75.21	37.54	44.97
05/20/24	99.19	-0.22	-0.22	4.90	86.33	41.43	76.11	38.29	45.52
05/21/24	99.43	0.23	0.23	4.87	86.65	42.07	76.42	38.88	45.80
05/22/24	99.25	-0.17	-0.18	4.89	87.33	43.45	76.93	40.15	46.58
05/23/24	98.76	-0.49	-0.49	4.95	88.20	44.80	77.79	41.49	47.32
05/24/24	98.95	0.18	0.19	4.93	87.29	41.71	76.76	38.46	46.49
05/28/24	98.31	-0.64	-0.64	5.01	87.91	44.03	77.57	40.84	46.67
05/29/24	97.64	-0.67	-0.68	5.09	89.31	44.49	79.09	41.48	47.85
05/30/24	98.28	0.64	0.65	5.01	87.66	42.89	77.37	39.78	46.45
05/31/24	98.77	0.49	0.50	4.95	87.61	42.38	77.44	39.36	46.26
06/03/24	99.48	0.71	0.71	4.86	87.06	42.27	76.80	39.09	46.17
06/04/24	99.81	0.33	0.33	4.82	90.75	43.91	80.50	40.69	49.56
06/05/24	100.19	0.38	0.38	4.78	90.70	45.46	80.59	42.13	49.55
06/06/24	99.95	-0.24	-0.24	4.81	93.19	48.01	83.05	44.74	51.94
06/07/24	98.86	-1.09	-1.09	4.94	93.30	45.01	83.00	41.93	50.88
06/10/24	98.76	-0.11	-0.11	4.95	91.15	45.72	80.90	42.62	48.66
06/11/24	99.39	0.63	0.64	4.88	90.01	44.58	79.72	41.40	47.73
06/12/24	99.83	0.45	0.45	4.82	90.73	42.92	80.52	39.75	49.09
06/13/24	100.49	0.66	0.66	4.74	92.89	46.89	82.91	43.59	50.01
06/14/24	100.41	-0.07	-0.07	4.75	98.02	50.50	88.03	47.14	54.01
06/17/24	99.82	-0.60	-0.59	4.82	98.47	51.95	88.30	48.63	54.72
06/18/24	100.38	0.56	0.56	4.75	97.44	46.80	87.41	43.39	53.89
06/20/24	100.00	-0.37	-0.37	4.80	97.98	47.50	87.87	44.18	54.56
06/21/24	99.97	-0.04	-0.04	4.80	98.35	48.07	88.21	44.74	55.03
06/24/24	100.11	0.14	0.14	4.79	98.43	47.81	88.40	44.48	54.29
06/25/24	100.21	0.10	0.10	4.77	98.25	48.03	88.22	44.63	54.43
06/26/24	99.52	-0.68	-0.68	4.86	98.42	51.04	88.11	47.72	54.06
06/27/24	99.89	0.37	0.37	4.81	96.54	49.26	86.33	45.89	52.26
06/28/24	99.40	-0.50	-0.50	4.87	96.05	46.33	85.88	43.27	50.36
07/01/24	98.80	-0.60	-0.60	4.95	92.66	41.80	82.53	38.88	46.97
07/02/24	99.21	0.42	0.42	4.90	92.77	41.34	82.57	38.35	46.51
07/03/24	99.92	0.71	0.71	4.81	90.77	41.73	80.42	38.56	46.25
07/05/24	100.56	0.64	0.64	4.73	90.77	39.73	80.61	36.55	45.21
07/08/24	100.59	0.02	0.02	4.73	90.24	39.96	80.16	36.75	45.09
07/09/24	100.40	-0.19	-0.19	4.75	91.16	41.13	80.97	37.97	45.43
07/10/24	100.50	0.09	0.09	4.74	91.52	40.74	81.35	37.54	45.63
07/11/24	101.16	0.66	0.66	4.66	92.17	40.12	82.26	36.90	45.53
07/12/24	101.32	0.16	0.16	4.64	92.45	39.49	82.61	36.30	46.06
07/15/24	100.89	-0.43	-0.43	4.69	93.91	39.76	83.97	36.71	46.49
07/16/24	101.26	0.37	0.37	4.64	94.61	41.59	84.85	38.44	48.19
07/17/24	101.32	0.06	0.06	4.64	94.64	42.14	84.86	38.99	48.61
07/18/24	101.00	-0.32	-0.32	4.68	94.21	41.47	84.37	38.42	47.91
07/19/24	100.63	-0.37	-0.37	4.72	95.07	41.66	85.09	38.62	48.35
07/22/24	100.45	-0.17	-0.17	4.74	95.87	41.96	85.89	38.98	48.90
07/23/24	100.32	-0.13	-0.13	4.76	97.81	44.20	87.97	41.29	50.91
07/24/24	99.94	-0.38	-0.38	4.81	100.27	44.38	90.63	41.64	51.91
07/25/24	100.06	0.12	0.12	4.79	101.96	46.66	92.22	43.83	53.99
07/26/24	100.64	0.58	0.58	4.72	99.52	45.14	89.37	41.87	52.48
07/29/24	100.72	0.08	0.08	4.71	100.57	46.58	90.68	43.58	54.04
07/30/24	100.90	0.18	0.18	4.69	101.15	46.96	91.28	43.93	54.35
07/31/24	101.59	0.69	0.68	4.60	99.95	47.88	90.56	45.06	54.86
08/01/24	101.99	0.40	0.39	4.56	101.66	49.70	92.47	46.83	56.68
08/02/24	102.89	0.90	0.89	4.45	110.65	58.46	101.94	55.49	65.14
08/05/24	102.70	-0.19	-0.18	4.47	114.10	62.07	105.37	59.04	69.26
08/06/24	101.84	-0.86	-0.84	4.57	113.24	59.39	104.16	56.66	67.22
08/07/24	101.66	-0.18	-0.17	4.59	111.07	56.33	101.98	53.69	64.06
08/08/24	101.49	-0.17	-0.17	4.62	110.05	54.30	100.82	51.62	62.13
08/09/24	101.89	0.40	0.39	4.57	109.77	54.91	100.64	52.02	62.64
08/12/24	102.16	0.26	0.26	4.53	109.83	55.09	100.86	52.28	62.87
08/13/24	103.01	0.85	0.83	4.43	104.34	50.41	95.57	47.44	58.13
08/14/24	103.05	0.05	0.04	4.43	104.70	51.60	95.98	48.59	59.09
08/15/24	102.71	-0.35	-0.34	4.47	101.07	47.64	92.13	44.47	55.12
08/16/24	103.22	0.51	0.50	4.41	97.26	44.39	88.45	41.10	51.92
08/19/24	103.27	0.06	0.05	4.40	98.98	45.70	90.20	42.27	53.33
08/20/24	103.63	0.35	0.34	4.36	99.72	46.82	91.12	43.40	54.23
08/21/24	103.84	0.21	0.20	4.33	98.66	46.86	90.16	43.48	53.98
08/22/24	103.37	-0.47	-0.45	4.39	98.22	45.57	89.49	42.25	53.11
08/23/24	103.99	0.63	0.61	4.31	95.63	43.31	87.20	40.03	50.96
08/26/24	103.75	-0.25	-0.24	4.34	97.91	44.93	89.39	41.62	52.35
08/27/24	103.62	-0.12	-0.12	4.36	98.38	45.25	89.91	42.06	52.68
08/28/24	103.61	-0.01	-0.01	4.36	97.86	44.37	89.33	41.17	51.87
08/29/24	103.34	-0.28	-0.27	4.39	99.52	44.84	90.88	41.71	52.30
08/30/24	102.93	-0.41	-0.39	4.44	100.18	44.52	91.40	41.54	52.20
09/03/24	103.27	0.34	0.33	4.40	104.36	49.35	95.86	46.37	56.53
09/04/24	103.88	0.61	0.59	4.33	103.97	49.57	95.70	46.55	56.60
09/05/24	104.18	0.30	0.29	4.29	102.93	48.73	94.73	45.62	56.04
09/06/24	104.12	-0.06	-0.06	4.30	105.42	50.67	97.35	47.71	58.07
09/09/24	104.33	0.21	0.20	4.27	104.99	50.26	96.96	47.14	57.08
09/10/24	104.79	0.47	0.45	4.22	104.91	50.31	97.04	47.23	57.18
09/11/24	104.89	0.09	0.09	4.21	102.65	47.99	94.74	44.80	54.95
09/12/24	104.76	-0.13	-0.12	4.22	101.44	47.16	93.52	43.98	54.01
09/13/24	105.17	0.41	0.39	4.17	98.17	44.24	90.44	41.14	48.95
09/16/24	105.87	0.70	0.67	4.09	93.02	40.06	85.47	37.14	44.12
09/17/24	105.51	-0.36	-0.34	4.13	95.32	41.78	87.68	38.82	46.25
09/18/24	105.20	-0.31	-0.29	4.17	91.63	38.95	83.97	35.96	43.22
09/19/24	105.19	-0.01	-0.01	4.17	91.26	37.73	83.61	34.77	44.98
09/20/24	105.19	0.00	0.00	4.17	89.86	37.50	82.24	34.52	41.07
09/23/24	105.10	-0.09	-0.09	4.18	89.31	36.72	81.64	33.72	43.36
09/24/24	105.18	0.08	0.08	4.17	90.28	36.74	82.66	33.89	43.56
09/25/24	104.67	-0.50	-0.48	4.23	91.91	38.18	84.07	35.28	44.37
09/26/24	104.56	-0.11	-0.11	4.24	92.59	37.97	84.64	34.95	44.89
09/27/24	104.92	0.36	0.34	4.20	91.95	38.58	84.20	35.57	45.20
09/30/24	104.60	-0.32	-0.31	4.24	92.91	39.07	84.92	35.92	45.00
10/01/24	104.94	0.34	0.33	4.20	93.33	40.04	85.51	36.88	43.47
10/02/24	104.59	-0.35	-0.34	4.24	93.63	40.07	85.67	36.95	45.90
10/03/24	104.34	-0.25	-0.24	4.27	90.10	36.55	82.00	33.33	41.96
10/04/24	103.48	-0.86	-0.83	4.37	88.02	33.87	79.46	30.53	39.54
10/07/24	103.08	-0.39	-0.38	4.42	87.81	35.09	79.09	31.73	39.41
10/08/24	103.14	0.06	0.06	4.41	87.94	35.11	79.23	31.75	39.44
10/09/24	102.77	-0.38	-0.36	4.46	87.90	34.28	79.04	30.93	39.08
10/10/24	102.69	-0.08	-0.07	4.47	88.17	33.30	79.31	30.12	39.00
10/11/24	102.70	0.01	0.01	4.47	88.07	32.37	79.20	29.23	38.13
10/14/24	102.53	-0.16	-0.16	4.49	88.50	34.45	79.62	31.39	40.13
10/15/24	103.26	0.73	0.71	4.40	85.68	32.31	76.97	28.89	36.39
10/16/24	103.36	0.10	0.09	4.39	85.66	31.74	77.00	28.32	37.17
10/17/24	102.78	-0.58	-0.56	4.46	85.81	30.89	76.91	27.67	36.54
10/18/24	102.73	-0.05	-0.04	4.46	87.20	32.35	78.30	29.22	38.24
10/21/24	101.53	-1.20	-1.17	4.61	91.69	36.05	82.43	33.15	41.85
10/22/24	101.37	-0.16	-0.16	4.63	92.99	36.90	83.66	33.92	42.63
10/23/24	101.11	-0.27	-0.27	4.66	93.32	36.65	83.91	33.65	42.77
10/24/24	101.37	0.27	0.26	4.63	92.83	36.46	83.42	33.35	42.23
10/25/24	101.10	-0.28	-0.27	4.66	92.88	36.12	83.47	33.08	42.24
10/28/24	101.00	-0.09	-0.09	4.67	92.36	33.99	82.87	30.85	40.19
10/29/24	101.10	0.09	0.09	4.66	91.67	33.38	82.21	30.22	39.41
10/30/24	100.93	-0.17	-0.17	4.68	93.21	34.30	83.63	30.99	40.32
10/31/24	100.72	-0.20	-0.20	4.71	96.08	36.02	86.61	32.87	42.27
11/01/24	100.06	-0.66	-0.66	4.79	97.00	35.63	87.64	32.63	41.63
11/04/24	100.71	0.65	0.65	4.71	96.17	35.61	86.64	32.40	41.14
11/05/24	101.00	0.29	0.29	4.67	93.18	34.51	83.71	31.08	38.54
11/06/24	100.22	-0.78	-0.77	4.77	86.50	27.58	76.96	24.45	32.51
11/07/24	101.19	0.97	0.97	4.65	83.57	25.90	74.09	22.79	31.32
11/08/24	101.42	0.23	0.23	4.62	83.15	28.80	73.81	25.33	31.84
11/11/24	101.01	-0.41	-0.40	4.67	87.34	34.14	77.92	30.68	36.90
11/12/24	100.56	-0.45	-0.45	4.73	83.91	25.90	74.25	22.58	29.15
11/13/24	100.22	-0.34	-0.34	4.77	87.88	27.25	78.41	24.16	32.01
11/14/24	100.02	-0.20	-0.20	4.80	90.17	29.48	80.57	26.42	34.69
11/15/24	99.91	-0.11	-0.11	4.81	91.81	30.98	82.29	27.95	36.22
11/18/24	100.33	0.42	0.42	4.76	88.71	28.54	79.09	25.37	34.18
11/19/24	100.44	0.11	0.11	4.74	89.33	29.75	79.70	26.67	35.58
11/20/24	100.13	-0.31	-0.31	4.78	90.78	31.26	81.16	28.30	37.12
11/21/24	100.04	-0.09	-0.09	4.79	91.00	33.65	81.28	30.41	37.26
11/22/24	100.07	0.03	0.03	4.79	91.34	31.34	81.58	28.34	37.31
11/25/24	101.13	1.06	1.06	4.66	90.45	33.12	80.93	29.81	39.17
11/26/24	100.75	-0.39	-0.38	4.71	90.90	34.95	81.27	31.68	40.73
11/27/24	101.05	0.31	0.31	4.67	92.24	38.73	82.74	35.26	41.91
11/29/24	101.50	0.44	0.44	4.61	93.04	38.46	83.69	34.88	41.77
12/02/24	101.67	0.18	0.17	4.59	89.67	34.02	80.39	30.54	40.16
12/03/24	101.44	-0.24	-0.23	4.62	89.21	32.40	79.85	29.04	38.67
12/04/24	101.96	0.52	0.51	4.55	87.31	31.40	78.15	27.85	37.21
12/05/24	101.95	-0.01	-0.01	4.56	87.64	31.84	78.47	28.25	37.55
12/06/24	102.22	0.27	0.27	4.52	87.77	31.59	78.68	28.18	37.27
12/09/24	101.81	-0.41	-0.40	4.57	88.54	31.82	79.31	28.48	37.31
12/10/24	102.03	0.22	0.21	4.55	83.54	26.21	74.39	22.92	31.71
12/11/24	101.73	-0.29	-0.29	4.58	83.00	25.41	73.74	22.27	31.05
12/12/24	101.32	-0.41	-0.40	4.63	83.02	26.03	73.58	23.01	30.71
12/13/24	100.91	-0.41	-0.40	4.68	81.51	24.71	71.95	21.77	28.58
12/16/24	100.92	0.01	0.01	4.68	81.28	24.54	71.72	21.58	28.84
12/17/24	100.84	-0.08	-0.08	4.69	81.73	24.61	72.17	21.68	29.80
12/18/24	100.03	-0.81	-0.81	4.80	82.60	24.67	72.74	21.72	29.38
12/19/24	99.36	-0.68	-0.68	4.88	84.79	24.83	75.24	22.11	31.40
12/20/24	99.57	0.21	0.22	4.85	85.46	27.72	75.82	24.96	32.44
12/23/24	99.20	-0.37	-0.37	4.90	84.19	26.20	74.61	23.16	31.12
12/24/24	99.45	0.25	0.25	4.87	81.04	23.76	71.43	20.66	28.36
12/26/24	99.68	0.23	0.23	4.84	79.27	21.49	69.54	18.25	26.21
12/27/24	99.51	-0.17	-0.17	4.86	76.62	19.12	66.96	15.96	23.90
12/30/24	99.83	0.32	0.32	4.82	80.64	22.74	71.04	19.61	27.61
12/31/24	99.53	-0.31	-0.31	4.86	82.72	23.07	73.41	20.41	27.77
01/02/25	99.54	0.02	0.02	4.86	82.81	24.63	73.52	21.92	28.69
01/03/25	99.22	-0.32	-0.32	4.90	84.78	26.03	75.51	23.35	30.19
01/06/25	98.66	-0.56	-0.57	4.97	87.49	31.36	78.46	28.94	35.03
01/07/25	98.12	-0.54	-0.55	5.04	88.50	31.97	79.71	29.80	35.57
01/08/25	98.21	0.09	0.10	5.03	88.85	32.21	79.81	29.80	35.96
01/10/25	97.43	-0.78	-0.79	5.13	89.95	32.46	80.80	30.05	36.57
01/13/25	97.39	-0.04	-0.05	5.14	87.61	30.50	78.36	28.00	35.10
01/14/25	97.20	-0.19	-0.19	5.16	89.44	32.74	80.31	30.32	37.57
01/15/25	98.37	1.17	1.20	5.01	87.28	31.41	78.14	28.96	36.09
01/16/25	98.50	0.12	0.13	4.99	88.81	33.19	79.74	30.84	38.33
01/17/25	98.42	-0.08	-0.08	5.00	88.90	34.33	79.78	31.87	39.30
01/21/25	98.94	0.52	0.52	4.94	87.09	31.85	77.85	29.47	37.65
01/22/25	98.74	-0.19	-0.20	4.96	86.48	31.49	77.23	28.88	35.91
01/23/25	98.26	-0.49	-0.49	5.03	89.85	34.03	80.76	31.58	38.21
01/24/25	98.61	0.35	0.36	4.98	86.90	31.80	77.76	29.30	35.83
01/27/25	99.15	0.54	0.55	4.91	88.75	33.99	79.61	31.42	37.87
01/28/25	99.12	-0.03	-0.03	4.91	88.53	33.78	79.43	31.24	37.69
01/29/25	99.17	0.05	0.05	4.91	86.42	31.87	77.24	29.27	35.66
01/30/25	99.29	0.12	0.12	4.89	86.72	33.06	77.56	30.51	36.90
01/31/25	99.18	-0.11	-0.11	4.90	85.65	31.94	76.75	29.66	35.72
02/03/25	99.12	-0.06	-0.06	4.91	87.64	34.27	78.60	31.85	37.90
02/04/25	99.42	0.31	0.31	4.87	86.11	32.45	77.06	30.02	36.12
02/05/25	99.99	0.57	0.57	4.80	86.04	33.61	76.88	31.02	37.25
02/06/25	99.75	-0.24	-0.24	4.83	87.11	35.67	77.91	33.02	39.08
02/07/25	99.40	-0.36	-0.36	4.88	84.55	36.38	75.35	33.73	38.83
02/10/25	99.31	-0.09	-0.09	4.89	85.47	36.71	76.37	34.12	38.99
02/11/25	99.07	-0.24	-0.24	4.92	84.78	34.89	75.73	32.40	38.25
02/12/25	98.63	-0.44	-0.44	4.98	78.26	30.86	69.14	28.37	34.41
02/13/25	99.44	0.81	0.82	4.87	76.19	31.06	66.99	28.41	33.38
02/14/25	99.89	0.45	0.45	4.81	77.32	29.17	68.12	26.51	32.98
02/18/25	99.32	-0.58	-0.58	4.89	78.14	29.50	69.02	26.90	33.13
02/19/25	99.67	0.35	0.35	4.84	74.11	26.71	65.00	24.15	30.72
02/20/25	99.74	0.07	0.07	4.83	76.53	28.53	67.40	25.93	32.76
02/21/25	100.09	0.35	0.35	4.79	80.37	31.83	71.27	29.24	36.26
