Price History: CG5PZ2-S									
									
Date	Price	Change	% Change	Yield to Maturity	Interpolated Spread (LIBOR)	Interpolated Spread (Treasury)	Option Adjusted Spread (LIBOR)	Option Adjusted Spread (Treasury)	Spread (Treasury)
02/19/21	111.34			1.10	24.33	35.45	26.28	37.26	42.60
02/22/21	111.54	0.20	0.18	1.06	18.05	29.32	20.03	31.14	37.37
02/23/21	111.17	-0.37	-0.33	1.12	27.52	36.81	29.14	38.36	45.83
02/24/21	110.98	-0.18	-0.16	1.16	29.86	37.69	31.49	39.21	45.81
02/25/21	109.86	-1.13	-1.02	1.35	32.55	42.67	34.19	44.11	48.38
02/26/21	109.94	0.08	0.07	1.34	37.93	43.58	39.62	45.12	48.84
03/01/21	110.03	0.10	0.09	1.32	36.63	46.68	38.17	47.97	53.43
03/02/21	110.22	0.19	0.17	1.28	36.83	46.95	38.33	48.26	52.58
03/03/21	110.20	-0.02	-0.02	1.29	30.81	41.60	32.32	42.92	47.66
03/04/21	109.83	-0.37	-0.34	1.35	31.69	42.30	33.18	43.59	48.95
03/05/21	109.37	-0.47	-0.42	1.43	39.53	50.46	40.98	51.65	57.34
03/08/21	109.17	-0.20	-0.18	1.47	39.35	48.33	40.79	49.49	54.48
03/09/21	109.11	-0.06	-0.05	1.47	46.02	52.61	47.42	53.73	58.15
03/10/21	109.33	0.22	0.20	1.43	43.78	51.41	45.17	52.54	56.89
03/11/21	109.39	0.06	0.05	1.42	41.62	51.64	42.98	52.73	57.14
03/12/21	109.02	-0.37	-0.34	1.49	43.19	51.24	44.42	52.25	57.14
03/15/21	109.10	0.08	0.08	1.47	43.46	50.61	44.72	51.65	56.77
03/16/21	109.00	-0.10	-0.09	1.49	45.38	52.88	46.53	53.77	59.28
03/17/21	109.22	0.22	0.20	1.45	42.61	51.31	43.80	52.31	59.28
03/18/21	108.70	-0.52	-0.48	1.54	47.76	52.09	48.87	52.96	60.53
03/19/21	108.94	0.24	0.22	1.50	38.91	46.37	40.05	47.27	54.45
03/22/21	109.28	0.34	0.31	1.43	34.47	42.13	35.69	43.16	50.22
03/23/21	109.12	-0.16	-0.15	1.46	42.43	48.57	43.60	49.58	56.12
03/24/21	109.14	0.02	0.02	1.46	41.61	49.93	42.85	51.04	57.04
03/25/21	109.27	0.13	0.12	1.43	38.10	48.39	39.37	49.49	55.77
03/26/21	108.97	-0.30	-0.28	1.49	40.69	50.24	41.88	51.25	57.96
03/29/21	108.86	-0.10	-0.10	1.50	39.52	47.98	40.71	48.94	56.22
03/30/21	108.43	-0.43	-0.40	1.58	45.90	54.06	46.94	54.89	62.44
03/31/21	109.03	0.61	0.56	1.47	29.68	40.07	30.93	41.09	47.70
04/01/21	109.17	0.14	0.13	1.45	31.06	41.21	32.28	42.25	46.35
04/05/21	108.98	-0.19	-0.18	1.48	31.53	40.55	32.67	41.53	46.08
04/06/21	109.50	0.52	0.48	1.38	26.55	37.18	27.81	38.30	43.04
04/07/21	109.44	-0.06	-0.05	1.39	27.99	39.86	29.15	40.85	45.67
04/08/21	109.51	0.07	0.06	1.38	30.73	40.33	31.92	41.36	45.89
04/09/21	109.43	-0.08	-0.08	1.39	30.16	38.75	31.24	39.63	44.61
04/12/21	109.42	-0.01	-0.01	1.39	29.38	36.95	30.43	37.83	42.22
04/13/21	109.99	0.57	0.52	1.29	23.94	30.91	25.13	31.93	36.38
04/14/21	109.76	-0.22	-0.20	1.33	26.99	33.35	28.17	34.37	38.58
04/15/21	110.11	0.35	0.32	1.26	24.09	33.97	25.36	35.08	38.78
04/16/21	109.91	-0.21	-0.19	1.30	27.81	35.07	29.03	36.11	39.52
04/19/21	109.56	-0.35	-0.32	1.36	34.06	40.08	35.18	41.03	45.08
04/20/21	109.73	0.17	0.16	1.33	33.21	39.93	34.39	40.92	45.07
04/21/21	110.00	0.27	0.24	1.28	28.24	34.75	29.49	35.81	39.42
04/22/21	109.81	-0.18	-0.16	1.31	31.53	37.86	32.73	38.89	42.76
04/23/21	109.73	-0.08	-0.07	1.33	31.16	38.06	32.36	39.08	42.76
04/26/21	110.18	0.45	0.41	1.24	20.17	27.81	21.49	28.92	32.21
04/27/21	109.77	-0.41	-0.37	1.31	24.48	32.29	25.72	33.32	37.21
04/28/21	109.84	0.06	0.06	1.30	24.93	32.09	26.19	33.17	37.19
04/29/21	110.05	0.22	0.20	1.26	20.06	26.69	21.35	27.81	32.47
04/30/21	110.10	0.04	0.04	1.25	20.32	26.88	21.58	27.97	32.47
05/03/21	110.26	0.16	0.14	1.22	18.97	26.22	20.25	27.34	30.38
05/04/21	110.21	-0.05	-0.04	1.23	20.50	27.77	21.80	28.88	32.01
05/05/21	110.43	0.23	0.21	1.19	18.03	24.69	19.33	25.81	29.34
05/06/21	110.49	0.05	0.05	1.18	16.40	24.65	17.73	25.77	29.05
05/07/21	110.47	-0.02	-0.02	1.18	20.00	27.23	21.31	28.33	31.88
05/10/21	110.40	-0.06	-0.06	1.19	21.24	26.62	22.50	27.71	31.68
05/11/21	110.07	-0.33	-0.30	1.25	25.78	31.08	26.98	32.08	35.95
05/12/21	109.70	-0.38	-0.34	1.32	27.00	31.90	28.28	32.80	36.78
05/13/21	109.82	0.13	0.12	1.29	28.15	32.50	29.35	33.47	36.98
05/14/21	110.20	0.38	0.34	1.22	21.62	27.48	22.90	28.55	31.54
05/17/21	110.09	-0.11	-0.10	1.24	22.18	28.69	23.46	29.74	32.28
05/18/21	110.12	0.04	0.03	1.23	22.42	28.47	23.72	29.56	32.29
05/19/21	109.90	-0.22	-0.20	1.27	22.97	28.48	24.25	29.54	32.29
05/20/21	110.22	0.32	0.29	1.21	20.86	26.85	22.14	27.92	30.78
05/21/21	110.32	0.10	0.09	1.19	18.47	24.26	19.79	25.37	27.62
05/24/21	110.42	0.10	0.09	1.17	18.08	23.53	19.43	24.68	27.39
05/25/21	110.46	0.04	0.04	1.16	20.93	26.12	22.26	27.26	29.77
05/26/21	110.36	-0.10	-0.09	1.18	21.87	27.57	23.20	28.70	31.11
05/27/21	110.32	-0.04	-0.04	1.19	19.81	26.01	21.16	27.13	30.15
05/28/21	110.37	0.05	0.05	1.18	20.81	26.23	22.15	27.37	30.38
06/01/21	110.25	-0.12	-0.11	1.20	20.19	27.08	21.60	28.26	31.44
06/02/21	110.31	0.06	0.06	1.18	21.26	27.65	22.66	28.85	29.72
06/03/21	110.22	-0.09	-0.08	1.20	18.76	24.72	20.11	25.89	26.51
06/04/21	110.49	0.27	0.25	1.15	19.40	25.11	20.87	26.40	27.07
06/07/21	110.40	-0.09	-0.09	1.16	19.88	25.80	21.36	27.09	27.60
06/08/21	110.61	0.21	0.19	1.12	18.22	24.38	19.68	25.70	26.26
06/09/21	110.75	0.14	0.12	1.10	17.91	24.15	19.37	25.46	25.56
06/10/21	110.84	0.09	0.08	1.08	19.54	23.81	20.96	25.12	24.83
06/11/21	110.77	-0.07	-0.06	1.09	17.83	23.91	19.33	25.26	24.42
06/14/21	110.58	-0.20	-0.18	1.12	17.37	23.74	18.88	25.10	24.17
06/15/21	110.58	0.00	0.00	1.12	17.37	23.53	18.82	24.84	24.18
06/16/21	110.07	-0.50	-0.45	1.21	16.12	23.73	17.57	24.99	24.16
06/17/21	110.02	-0.05	-0.05	1.22	18.95	25.12	20.35	26.34	25.35
06/18/21	110.12	0.10	0.09	1.20	19.25	22.51	20.55	23.66	22.63
06/21/21	110.13	0.01	0.01	1.20	17.33	21.82	18.61	22.97	22.12
06/22/21	110.27	0.14	0.12	1.17	16.24	21.28	17.60	22.47	22.11
06/23/21	110.15	-0.11	-0.10	1.19	12.40	21.43	13.85	22.64	22.13
06/24/21	110.10	-0.05	-0.05	1.20	14.72	21.47	16.09	22.68	22.18
06/25/21	109.81	-0.29	-0.26	1.25	18.74	24.84	20.14	26.07	25.47
06/28/21	109.99	0.18	0.16	1.22	16.55	24.41	17.95	25.64	24.69
06/29/21	110.01	0.01	0.01	1.21	16.22	24.12	17.64	25.34	24.85
06/30/21	110.07	0.07	0.06	1.20	15.09	24.44	16.45	25.62	24.88
07/01/21	109.85	-0.22	-0.20	1.24	18.38	26.23	19.75	27.41	24.84
07/02/21	110.06	0.21	0.19	1.20	18.27	26.39	19.64	27.59	24.84
07/06/21	110.32	0.26	0.24	1.15	19.19	25.56	20.56	26.80	24.36
07/07/21	110.12	-0.20	-0.18	1.18	24.39	32.18	25.75	33.39	31.20
07/08/21	110.32	0.20	0.18	1.15	24.21	32.40	25.59	33.64	31.43
07/09/21	110.22	-0.10	-0.09	1.16	20.42	29.16	21.80	30.39	28.42
07/12/21	110.16	-0.06	-0.06	1.17	21.42	28.99	22.79	30.22	28.19
07/13/21	109.90	-0.26	-0.23	1.22	21.36	29.23	22.70	30.40	28.19
07/14/21	110.17	0.27	0.25	1.17	20.13	28.23	21.50	29.42	27.33
07/15/21	110.05	-0.12	-0.11	1.19	25.09	33.22	26.43	34.39	32.02
07/16/21	110.03	-0.02	-0.02	1.19	25.24	33.10	26.59	34.28	32.04
07/19/21	110.46	0.43	0.39	1.11	24.95	32.50	26.23	33.66	31.82
07/20/21	110.34	-0.13	-0.12	1.13	29.07	36.55	30.32	37.71	36.16
07/21/21	110.21	-0.13	-0.12	1.15	25.27	33.57	26.58	34.75	32.70
07/22/21	110.38	0.17	0.15	1.12	22.15	31.70	23.52	32.90	31.16
07/23/21	110.39	0.01	0.01	1.12	23.36	30.61	24.70	31.84	30.38
07/26/21	110.41	0.02	0.02	1.11	21.83	30.31	23.17	31.54	30.14
07/27/21	110.51	0.10	0.09	1.09	20.96	30.39	22.32	31.59	29.95
07/28/21	110.55	0.04	0.04	1.08	20.39	26.72	21.73	27.95	25.67
07/29/21	110.32	-0.23	-0.21	1.12	22.43	31.88	23.79	33.09	31.08
07/30/21	110.36	0.04	0.03	1.12	25.15	33.76	26.51	34.96	32.68
08/02/21	110.57	0.21	0.19	1.07	25.09	34.23	26.39	35.41	33.43
08/03/21	110.56	-0.01	-0.01	1.07	26.02	34.50	27.37	35.71	32.56
08/04/21	110.43	-0.13	-0.11	1.10	25.51	34.58	26.86	35.80	32.56
08/05/21	110.19	-0.24	-0.22	1.14	25.53	34.99	26.89	36.20	32.79
08/06/21	110.10	-0.09	-0.08	1.16	22.90	32.18	24.25	33.38	29.83
08/09/21	109.84	-0.26	-0.24	1.21	24.58	34.18	25.95	35.36	32.21
08/10/21	109.68	-0.16	-0.14	1.24	25.17	34.23	26.51	35.38	32.22
08/11/21	109.73	0.05	0.05	1.23	26.69	34.35	28.04	35.52	32.23
08/12/21	109.61	-0.11	-0.10	1.25	26.50	35.07	27.85	36.21	32.44
08/13/21	109.95	0.33	0.30	1.18	24.86	32.31	26.20	33.49	29.61
08/16/21	110.14	0.19	0.18	1.14	21.95	31.71	23.29	32.91	29.39
08/17/21	109.83	-0.31	-0.28	1.20	27.84	36.77	29.13	37.92	34.30
08/18/21	109.75	-0.08	-0.07	1.21	28.95	36.91	30.23	38.05	34.31
08/19/21	109.82	0.07	0.07	1.20	27.21	36.53	28.50	37.68	33.83
08/20/21	109.74	-0.09	-0.08	1.21	28.14	35.90	29.44	37.06	33.57
08/23/21	109.80	0.07	0.06	1.20	27.74	35.28	29.03	36.43	33.35
08/24/21	109.69	-0.11	-0.10	1.22	27.36	35.55	28.65	36.69	33.34
08/25/21	109.73	0.04	0.04	1.21	20.39	31.92	21.82	33.07	29.51
08/26/21	109.65	-0.08	-0.07	1.23	23.55	32.82	24.89	33.98	29.72
08/27/21	110.03	0.38	0.35	1.15	19.15	28.97	20.54	30.19	25.74
08/30/21	110.18	0.15	0.14	1.12	19.09	28.06	20.45	29.30	25.08
08/31/21	110.01	-0.18	-0.16	1.15	22.36	31.42	23.53	32.66	28.63
09/01/21	109.98	-0.03	-0.03	1.16	22.53	31.34	23.86	32.60	27.89
09/02/21	109.97	0.00	0.00	1.16	23.41	31.56	24.75	32.81	28.32
09/03/21	109.92	-0.05	-0.05	1.17	22.61	32.09	23.99	33.35	28.32
09/07/21	109.68	-0.24	-0.22	1.21	24.20	32.91	25.54	34.14	29.35
09/08/21	109.74	0.06	0.05	1.20	23.32	33.10	24.69	34.34	29.37
09/09/21	109.95	0.21	0.19	1.15	21.16	30.60	22.51	31.86	26.93
09/10/21	109.99	0.04	0.04	1.15	17.90	27.02	19.26	28.30	23.29
09/13/21	110.03	0.05	0.04	1.13	16.63	26.69	17.95	27.92	23.06
09/14/21	110.08	0.04	0.04	1.12	17.80	28.06	19.05	29.28	24.43
09/15/21	110.02	-0.06	-0.05	1.13	17.31	27.27	18.61	28.48	23.60
09/16/21	109.82	-0.20	-0.18	1.17	17.05	28.32	18.38	29.56	24.09
09/17/21	109.72	-0.10	-0.09	1.19	17.35	27.06	18.68	28.31	22.82
09/20/21	109.81	0.09	0.09	1.17	18.15	28.72	19.45	29.94	25.06
09/21/21	109.71	-0.10	-0.09	1.19	19.74	29.83	21.03	31.04	26.27
09/22/21	109.74	0.03	0.03	1.18	16.32	25.34	17.59	26.55	21.67
09/23/21	109.43	-0.31	-0.28	1.24	14.24	25.95	15.50	27.11	21.86
09/24/21	109.62	0.19	0.17	1.20	10.36	18.92	11.62	20.10	15.09
09/27/21	109.57	-0.05	-0.05	1.21	7.79	17.20	9.05	18.38	13.15
09/28/21	109.49	-0.08	-0.07	1.22	7.75	16.69	9.00	17.84	12.07
09/29/21	109.56	0.07	0.07	1.21	8.87	16.38	10.15	17.55	11.59
09/30/21	109.41	-0.15	-0.14	1.24	14.27	20.81	15.55	21.94	15.96
10/01/21	109.84	0.43	0.40	1.15	8.67	18.04	10.01	19.26	12.05
10/04/21	109.71	-0.13	-0.12	1.17	10.05	18.41	11.38	19.62	12.95
10/05/21	109.48	-0.24	-0.22	1.22	12.26	19.90	13.55	21.06	14.70
10/06/21	109.44	-0.04	-0.03	1.23	11.94	20.13	13.23	21.27	14.69
10/07/21	109.22	-0.22	-0.20	1.27	12.81	21.51	13.99	22.57	15.64
10/08/21	109.18	-0.04	-0.04	1.28	9.30	19.93	10.50	20.98	13.62
10/11/21	108.95	-0.23	-0.21	1.32	13.63	20.46	14.80	21.48	18.13
10/12/21	109.04	0.10	0.09	1.30	9.99	19.29	11.19	20.34	13.40
10/13/21	108.97	-0.07	-0.06	1.31	12.12	19.19	13.24	20.21	13.37
10/14/21	109.13	0.15	0.14	1.28	10.46	19.24	11.56	20.24	13.61
10/15/21	109.11	-0.02	-0.01	1.28	4.23	12.17	5.30	13.15	6.75
10/18/21	108.94	-0.17	-0.16	1.31	2.79	11.62	3.77	12.50	6.25
10/19/21	108.98	0.04	0.04	1.30	3.82	11.04	4.74	11.87	5.74
10/20/21	108.78	-0.20	-0.19	1.34	6.98	15.27	7.87	16.08	10.56
10/21/21	108.51	-0.27	-0.25	1.40	5.59	14.64	6.33	15.30	9.81
10/22/21	108.45	-0.06	-0.05	1.41	9.52	16.22	10.24	16.84	11.22
10/25/21	108.59	0.14	0.13	1.38	7.24	16.29	8.00	16.96	11.25
10/26/21	108.49	-0.09	-0.09	1.40	8.98	17.74	9.70	18.36	12.64
10/27/21	108.86	0.36	0.34	1.32	3.55	12.73	4.27	13.44	9.24
10/28/21	108.49	-0.36	-0.33	1.40	12.89	17.26	13.51	17.88	13.05
10/29/21	108.52	0.03	0.03	1.39	10.64	17.20	11.14	17.66	11.92
11/01/21	108.41	-0.11	-0.10	1.41	10.83	17.93	11.34	18.44	13.02
11/02/21	108.68	0.27	0.25	1.35	7.40	17.14	8.10	17.85	11.15
11/03/21	108.50	-0.18	-0.16	1.39	7.20	17.41	7.87	18.10	11.13
11/04/21	108.87	0.37	0.34	1.31	5.39	17.83	6.21	18.66	11.38
11/05/21	109.25	0.38	0.35	1.23	4.08	14.22	4.93	15.13	8.42
11/08/21	108.94	-0.31	-0.29	1.30	3.91	13.33	4.70	14.15	7.98
11/09/21	109.13	0.19	0.18	1.25	2.97	9.13	3.74	9.96	8.91
11/10/21	108.31	-0.82	-0.76	1.42	7.14	18.44	7.75	19.08	11.99
11/11/21	108.00	-0.30	-0.28	1.48	13.85	20.51	14.29	21.08	18.43
11/12/21	108.23	0.23	0.21	1.44	6.48	17.19	7.04	17.78	10.95
11/15/21	108.13	-0.10	-0.09	1.45	6.48	16.40	6.95	16.95	10.73
11/16/21	108.09	-0.04	-0.04	1.46	5.24	16.59	5.66	17.06	10.73
11/17/21	108.21	0.12	0.11	1.43	5.96	16.51	6.45	17.04	10.76
11/18/21	108.20	-0.01	-0.01	1.44	7.33	17.65	7.85	18.20	12.37
11/19/21	108.29	0.09	0.09	1.42	3.89	17.15	4.39	17.73	12.38
11/22/21	107.79	-0.50	-0.47	1.52	3.92	17.04	4.30	17.47	12.14
11/23/21	107.52	-0.27	-0.25	1.57	10.00	22.08	10.29	22.40	16.83
11/24/21	107.47	-0.05	-0.05	1.58	9.65	22.72	9.89	22.96	16.81
11/26/21	108.16	0.69	0.64	1.44	11.71	22.60	12.14	23.06	17.04
11/29/21	107.91	-0.24	-0.22	1.48	17.11	27.88	17.54	28.30	21.36
11/30/21	108.15	0.24	0.22	1.43	9.69	25.29	10.18	25.78	20.05
12/01/21	108.06	-0.09	-0.09	1.45	14.20	25.94	14.67	26.38	21.10
12/02/21	107.79	-0.27	-0.25	1.51	14.12	27.36	14.52	27.72	21.30
12/03/21	108.18	0.39	0.36	1.43	11.83	26.88	12.18	27.20	21.10
12/06/21	107.78	-0.40	-0.37	1.51	12.72	25.81	12.95	26.03	20.90
12/07/21	107.57	-0.21	-0.20	1.55	13.20	26.45	13.22	26.57	20.88
12/08/21	107.55	-0.02	-0.02	1.55	12.13	26.46	12.41	26.65	20.87
12/09/21	107.39	-0.16	-0.15	1.58	15.74	28.98	15.95	29.18	24.37
12/10/21	107.39	-0.01	-0.01	1.58	18.38	30.02	18.74	30.36	25.07
12/13/21	107.65	0.26	0.24	1.53	17.28	27.46	17.64	27.84	22.90
12/14/21	107.45	-0.20	-0.19	1.57	18.97	29.60	19.28	29.93	25.15
12/15/21	107.50	0.05	0.05	1.56	17.16	25.77	17.44	26.10	21.53
12/16/21	107.98	0.49	0.45	1.45	14.18	23.46	14.58	23.96	19.32
12/17/21	107.85	-0.13	-0.12	1.48	15.87	25.84	16.25	26.30	21.61
12/20/21	107.85			1.48	14.87	26.27	15.25	26.76	22.11
12/21/21	107.42	-0.43	-0.40	1.57	19.23	29.01	19.57	29.41	25.05
12/22/21	107.61	0.19	0.18	1.53	14.26	26.89	14.60	27.27	22.18
12/23/21	107.50	-0.12	-0.11	1.55	15.09	26.15	15.39	26.51	22.18
12/27/21	107.46	-0.03	-0.03	1.55	15.02	25.61	15.26	25.91	21.89
12/28/21	107.49	0.02	0.02	1.55	14.21	25.92	14.39	26.23	21.88
12/29/21	107.33	-0.16	-0.15	1.58	14.94	26.50	15.15	26.77	21.58
12/30/21	107.40	0.08	0.07	1.56	16.55	25.62	16.78	25.93	21.60
12/31/21	107.46	0.05	0.05	1.55	14.51	26.66	14.74	27.01	21.48
01/03/22	106.93	-0.53	-0.49	1.66	18.81	28.04	18.91	28.27	21.38
01/04/22	107.18	0.25	0.24	1.61	12.83	21.97	12.99	22.22	15.08
01/05/22	106.97	-0.22	-0.20	1.65	10.32	20.40	10.42	20.59	13.76
01/06/22	106.73	-0.24	-0.22	1.70	11.72	20.99	11.82	21.18	14.94
01/07/22	106.69	-0.04	-0.03	1.71	8.94	19.66	9.05	19.86	12.82
01/10/22	106.55	-0.14	-0.13	1.74	9.12	19.02	9.16	19.14	12.65
01/11/22	106.47	-0.08	-0.08	1.75	13.54	23.37	13.55	23.46	17.34
01/12/22	106.53	0.06	0.06	1.74	11.37	22.91	11.37	23.00	17.35
01/13/22	106.56	0.03	0.03	1.73	14.27	23.65	14.33	23.75	17.52
01/14/22	106.26	-0.30	-0.28	1.80	12.78	23.78	12.75	23.80	17.83
01/18/22	105.79	-0.48	-0.45	1.90	13.53	24.64	13.22	24.35	18.10
01/19/22	105.89	0.10	0.09	1.87	12.40	25.55	12.06	25.22	19.55
01/20/22	105.82	-0.07	-0.06	1.89	19.44	23.96	19.14	23.61	20.28
01/21/22	106.12	0.30	0.28	1.82	15.23	24.91	15.01	24.70	20.69
01/24/22	106.08	-0.03	-0.03	1.83	17.71	28.83	17.40	28.56	24.33
01/25/22	105.84	-0.24	-0.23	1.88	23.37	29.39	22.93	28.98	24.32
01/26/22	105.46	-0.38	-0.36	1.96	18.87	30.22	18.34	29.69	25.87
01/27/22	105.36	-0.09	-0.09	1.98	23.48	29.02	22.93	28.56	26.13
01/28/22	105.44	0.08	0.07	1.97	25.05	31.51	24.52	31.09	27.92
01/31/22	105.38	-0.06	-0.05	1.98	26.54	34.05	26.02	33.64	29.70
02/01/22	105.46	0.07	0.07	1.96	24.97	31.74	24.33	31.24	27.26
02/02/22	105.55	0.10	0.09	1.94	23.64	31.12	23.03	30.61	27.28
02/03/22	105.37	-0.18	-0.17	1.98	21.53	29.34	20.95	28.84	25.24
02/04/22	104.64	-0.73	-0.70	2.14	27.65	35.07	26.69	34.20	29.88
02/07/22	104.69	0.05	0.05	2.13	26.70	36.07	25.70	35.16	30.87
02/08/22	104.50	-0.19	-0.18	2.17	24.27	35.93	23.35	34.98	30.93
02/09/22	104.54	0.04	0.04	2.16	23.87	34.79	22.85	33.87	30.59
02/10/22	103.92	-0.62	-0.59	2.30	24.59	34.15	23.15	32.85	30.33
02/11/22	104.36	0.44	0.42	2.20	20.86	30.97	19.58	29.79	27.21
02/14/22	104.12	-0.24	-0.23	2.25	21.87	29.80	19.91	28.04	27.10
02/15/22	103.92	-0.20	-0.19	2.29	24.18	33.28	22.13	31.43	30.28
02/16/22	103.91	-0.01	-0.01	2.30	26.84	35.80	24.93	34.02	32.43
02/17/22	103.99	0.08	0.07	2.28	33.06	40.49	31.16	38.76	37.36
02/18/22	104.07	0.08	0.08	2.26	33.59	41.00	31.73	39.30	38.14
02/22/22	103.90	-0.17	-0.17	2.30	31.65	40.69	29.72	38.93	37.39
02/23/22	103.69	-0.21	-0.20	2.34	32.48	42.51	30.53	40.74	39.87
02/24/22	103.93	0.24	0.23	2.29	30.04	39.12	28.40	37.68	37.30
02/25/22	103.76	-0.16	-0.16	2.32	33.45	39.51	31.76	38.03	37.98
02/28/22	104.35	0.59	0.57	2.19	34.71	41.34	32.81	40.11	40.01
03/01/22	105.01	0.66	0.63	2.04	33.26	41.31	31.99	40.09	42.23
03/02/22	104.07	-0.94	-0.90	2.25	38.05	42.41	36.44	40.82	44.61
03/03/22	104.28	0.21	0.20	2.20	32.84	38.14	31.27	36.65	41.17
03/04/22	104.73	0.45	0.43	2.10	30.91	36.64	29.09	34.96	41.21
03/07/22	104.34	-0.40	-0.38	2.19	34.82	39.00	32.73	37.07	44.29
03/08/22	103.35	-0.99	-0.95	2.41	50.74	51.76	48.27	49.33	56.57
03/09/22	103.09	-0.26	-0.25	2.47	47.39	51.18	44.66	48.53	55.34
03/10/22	102.58	-0.52	-0.50	2.59	55.65	57.92	52.66	54.98	61.96
03/11/22	102.70	0.13	0.12	2.56	49.57	52.35	46.61	49.50	56.84
03/14/22	102.17	-0.54	-0.52	2.69	47.09	52.34	43.95	49.14	56.73
03/15/22	101.96	-0.20	-0.20	2.73	51.28	55.13	47.95	51.81	59.35
03/16/22	101.64	-0.33	-0.32	2.81	48.98	54.02	45.50	50.59	59.35
03/17/22	102.03	0.40	0.39	2.72	44.65	46.09	41.46	42.88	52.36
03/18/22	102.66	0.62	0.61	2.57	27.68	31.88	26.17	30.36	39.22
03/21/22	101.91	-0.75	-0.73	2.74	29.30	30.07	27.35	28.12	38.04
03/22/22	101.72	-0.19	-0.18	2.79	27.50	30.76	23.98	27.21	38.04
03/23/22	101.91	0.19	0.19	2.74	30.66	31.61	27.44	28.41	38.06
03/24/22	101.75	-0.17	-0.16	2.78	27.16	33.17	23.90	29.85	38.58
03/25/22	100.95	-0.80	-0.78	2.97	32.84	33.65	29.01	29.82	38.52
03/28/22	100.99	0.05	0.05	2.96	26.52	30.74	22.96	27.00	38.49
03/29/22	101.28	0.28	0.28	2.89	24.63	29.66	21.51	26.23	38.71
03/30/22	101.79	0.51	0.50	2.77	19.48	20.90	15.52	16.70	29.26
03/31/22	101.91	0.12	0.12	2.74	13.95	21.04	10.45	17.35	29.13
04/01/22	101.34	-0.56	-0.55	2.88	17.09	22.23	13.65	18.63	31.23
04/04/22	101.34	0.00	0.00	2.88	20.07	21.29	16.59	17.62	30.37
04/05/22	101.04	-0.30	-0.30	2.95	14.77	16.94	10.80	12.95	24.06
04/06/22	101.01	-0.03	-0.03	2.96	16.79	18.17	12.80	14.07	24.07
04/07/22	101.05	0.04	0.04	2.95	15.18	20.31	11.02	16.00	24.10
04/08/22	100.79	-0.26	-0.26	3.01	16.08	19.20	11.71	14.78	24.10
04/11/22	100.69	-0.10	-0.10	3.03	15.07	21.07	10.59	16.33	24.05
04/12/22	101.12	0.43	0.43	2.93	15.96	23.08	11.47	18.54	24.06
04/13/22	101.24	0.12	0.11	2.90	17.92	24.31	13.46	19.83	24.15
04/14/22	100.77	-0.47	-0.46	3.01	17.55	24.14	12.58	19.17	24.12
04/18/22	100.64	-0.13	-0.13	3.04	20.07	24.50	15.00	19.43	24.44
04/19/22	99.98	-0.66	-0.65	3.21	22.22	30.30	17.04	25.24	31.67
04/20/22	100.10	0.12	0.12	3.18	24.49	29.67	19.64	24.90	31.77
04/21/22	99.59	-0.50	-0.50	3.30	24.66	30.39	19.78	25.64	32.02
04/22/22	99.30	-0.30	-0.30	3.37	36.95	40.18	32.06	35.42	42.58
04/25/22	99.97	0.67	0.67	3.21	26.13	32.87	21.29	27.99	34.82
04/26/22	100.22	0.25	0.25	3.15	31.75	35.20	27.04	30.40	34.82
04/27/22	100.18	-0.04	-0.04	3.16	22.72	34.77	17.89	29.88	34.01
04/28/22	99.89	-0.29	-0.29	3.23	26.60	34.05	20.91	28.41	33.92
04/29/22	99.75	-0.14	-0.14	3.26	18.88	33.75	13.00	28.07	33.99
05/02/22	99.29	-0.46	-0.46	3.37	26.26	35.68	20.50	30.15	35.63
05/03/22	99.33	0.03	0.03	3.37	24.13	34.94	18.52	29.31	36.37
05/04/22	99.67	0.34	0.34	3.28	25.84	39.51	20.23	34.02	38.78
05/05/22	99.27	-0.40	-0.40	3.38	29.21	34.46	24.33	29.54	35.60
05/06/22	99.14	-0.13	-0.13	3.41	26.59	36.55	22.08	31.92	36.75
05/09/22	99.34	0.20	0.20	3.36	37.20	38.25	32.57	33.57	38.16
05/10/22	99.52	0.19	0.19	3.32	34.19	38.23	29.01	33.12	39.82
05/11/22	100.07	0.55	0.55	3.18	21.14	27.41	15.67	22.03	30.01
05/12/22	100.10	0.03	0.02	3.17	28.21	36.69	23.01	31.55	39.08
05/13/22	99.69	-0.41	-0.41	3.28	36.62	36.80	31.47	31.72	38.97
05/16/22	100.02	0.32	0.33	3.20	32.84	36.03	27.71	30.92	37.57
05/17/22	99.38	-0.63	-0.63	3.35	35.50	38.97	30.45	33.88	40.53
05/18/22	99.54	0.15	0.15	3.32	37.02	41.98	31.80	36.79	42.25
05/19/22	99.68	0.14	0.14	3.28	40.27	43.28	35.05	38.14	43.15
05/20/22	99.81	0.14	0.14	3.25	40.93	43.66	35.82	38.60	43.72
05/23/22	99.71	-0.10	-0.10	3.27	36.60	40.66	31.49	35.62	39.54
05/24/22	100.18	0.47	0.47	3.15	37.51	43.17	32.26	38.09	39.39
05/25/22	100.38	0.20	0.20	3.10	33.77	41.61	28.82	36.62	37.99
05/26/22	100.60	0.22	0.22	3.05	26.83	36.20	22.24	31.46	31.61
05/27/22	100.51	-0.09	-0.09	3.07	29.29	33.31	24.62	28.66	31.62
05/31/22	100.40	-0.12	-0.12	3.10	23.22	29.84	18.48	25.17	26.91
06/01/22	99.98	-0.41	-0.41	3.20	22.86	26.72	17.92	21.96	26.34
06/02/22	100.10	0.12	0.12	3.17	19.85	29.32	15.04	24.61	26.16
06/03/22	99.86	-0.24	-0.24	3.23	23.74	28.44	18.85	23.72	28.25
06/06/22	99.54	-0.33	-0.33	3.32	21.42	27.80	16.55	23.24	28.09
06/07/22	99.71	0.17	0.18	3.27	20.81	28.35	15.80	23.59	28.78
06/08/22	99.50	-0.21	-0.21	3.33	23.59	30.21	18.63	25.43	29.18
06/09/22	99.38	-0.12	-0.12	3.36	21.56	30.15	16.64	25.37	29.18
06/10/22	98.66	-0.72	-0.73	3.54	19.84	28.24	14.46	23.20	28.82
06/13/22	97.49	-1.17	-1.18	3.84	27.84	38.01	22.45	33.06	36.51
06/14/22	96.88	-0.61	-0.63	4.00	33.61	44.69	28.74	40.11	40.68
06/15/22	97.47	0.60	0.62	3.85	40.42	42.85	35.04	37.94	37.85
06/16/22	97.67	0.20	0.21	3.80	43.65	46.82	38.24	42.04	42.17
06/17/22	97.77	0.09	0.10	3.77	34.05	45.77	28.18	40.30	43.10
06/21/22	97.74	-0.03	-0.03	3.78	34.35	44.39	28.86	39.56	40.13
06/22/22	98.18	0.44	0.45	3.67	37.36	48.35	31.77	43.40	44.00
06/23/22	98.55	0.38	0.38	3.57	36.47	48.39	30.60	43.21	43.51
06/24/22	98.44	-0.11	-0.11	3.60	34.71	48.19	28.77	42.99	42.35
06/27/22	98.29	-0.15	-0.15	3.64	33.76	43.63	28.01	38.49	38.16
06/28/22	98.16	-0.13	-0.13	3.67	38.05	46.06	32.57	41.06	40.61
06/29/22	98.61	0.45	0.46	3.56	34.97	44.73	29.33	39.74	39.78
06/30/22	99.05	0.44	0.45	3.44	35.82	48.86	30.18	43.67	43.39
07/01/22	99.48	0.42	0.43	3.33	42.50	45.38	36.77	39.59	43.81
07/05/22	99.79	0.31	0.31	3.25	38.48	42.67	32.27	37.02	43.50
07/06/22	99.43	-0.36	-0.36	3.35	31.35	34.00	25.18	28.04	37.83
07/07/22	99.08	-0.35	-0.35	3.44	35.17	33.15	29.15	27.16	38.46
07/08/22	98.70	-0.38	-0.38	3.54	36.41	36.91	30.78	30.84	39.44
07/11/22	99.26	0.56	0.57	3.39	29.00	29.47	22.74	23.41	29.52
07/12/22	99.40	0.15	0.15	3.35	29.63	29.21	23.36	23.27	27.76
07/13/22	99.61	0.20	0.20	3.30	22.34	19.14	16.38	13.55	15.98
07/14/22	99.19	-0.41	-0.42	3.41	28.33	26.75	21.88	20.60	25.65
07/15/22	99.23	0.04	0.04	3.40	30.20	28.96	24.00	23.10	25.47
07/18/22	99.20	-0.02	-0.02	3.41	25.18	28.79	19.10	22.98	26.24
07/19/22	98.96	-0.25	-0.25	3.47	28.05	26.38	21.66	20.15	25.86
07/20/22	98.79	-0.17	-0.17	3.51	30.92	28.27	24.49	21.95	34.14
07/21/22	99.65	0.86	0.87	3.29	26.35	23.44	20.45	17.74	22.30
07/22/22	100.29	0.64	0.64	3.12	22.57	21.01	17.09	15.89	17.64
07/25/22	99.94	-0.34	-0.34	3.21	25.80	27.37	20.17	22.06	23.27
07/26/22	99.94	0.00	0.00	3.22	21.54	26.32	16.10	21.14	22.00
07/27/22	100.61	0.67	0.67	3.04	8.50	16.16	3.71	11.64	12.45
07/28/22	100.81	0.20	0.19	2.99	17.64	20.92	12.96	16.54	16.21
07/29/22	100.82	0.02	0.02	2.99	17.66	21.34	13.25	17.21	14.88
08/01/22	101.35	0.53	0.52	2.85	5.09	8.52	1.31	4.94	0.15
08/02/22	100.06	-1.30	-1.28	3.18	18.43	21.15	13.70	16.51	14.86
08/03/22	100.33	0.28	0.28	3.11	11.92	12.83	7.26	8.33	5.28
08/04/22	100.23	-0.11	-0.11	3.14	19.18	27.74	14.57	23.35	16.59
08/05/22	99.79	-0.44	-0.44	3.25	14.23	17.37	9.37	12.69	6.28
08/08/22	99.94	0.15	0.15	3.22	14.02	18.95	9.33	14.44	6.61
08/09/22	99.91	-0.03	-0.03	3.22	10.54	10.29	5.69	5.67	0.42
08/10/22	100.00	0.09	0.09	3.20	11.56	14.23	6.90	9.75	4.72
08/11/22	99.88	-0.11	-0.11	3.23	8.47	13.40	3.63	8.64	4.75
08/12/22	99.96	0.08	0.08	3.21	7.52	9.94	3.09	5.58	0.49
08/15/22	100.23	0.27	0.27	3.14	5.80	8.75	1.90	4.85	-1.28
08/16/22	100.06	-0.17	-0.16	3.18	5.29	7.20	1.34	3.15	-1.14
08/17/22	99.64	-0.42	-0.42	3.29	6.48	10.08	2.21	5.58	2.38
08/18/22	99.69	0.05	0.05	3.28	7.70	10.78	3.42	6.22	3.71
08/19/22	99.55	-0.15	-0.15	3.32	7.03	8.60	2.53	3.71	3.13
08/22/22	99.01	-0.53	-0.54	3.46	13.75	16.36	8.67	10.79	10.15
08/23/22	98.97	-0.05	-0.05	3.47	15.05	19.27	9.79	13.40	12.80
08/24/22	99.06	0.09	0.09	3.45	8.13	11.72	2.69	5.90	7.37
08/25/22	99.12	0.05	0.06	3.43	7.28	13.63	2.18	8.05	8.60
08/26/22	98.88	-0.23	-0.24	3.50	8.46	16.52	3.49	11.11	12.13
08/29/22	98.75	-0.13	-0.13	3.53	8.42	13.92	3.12	8.35	8.63
08/30/22	98.61	-0.14	-0.14	3.57	10.24	15.66	4.90	10.11	9.92
08/31/22	98.52	-0.09	-0.09	3.59	8.81	18.46	2.53	13.18	13.51
09/01/22	97.88	-0.64	-0.65	3.77	21.68	25.61	16.26	20.74	36.29
09/02/22	98.19	0.31	0.32	3.69	23.51	30.37	17.94	25.29	38.98
09/06/22	97.61	-0.58	-0.59	3.85	25.29	32.21	20.17	27.44	40.11
09/07/22	98.02	0.41	0.42	3.73	23.81	28.31	18.42	23.30	37.36
09/08/22	97.78	-0.25	-0.25	3.80	24.33	30.95	19.26	26.22	40.45
09/09/22	97.82	0.05	0.05	3.79	21.03	24.72	15.78	19.82	34.15
09/12/22	97.68	-0.14	-0.14	3.83	23.76	28.21	18.69	23.48	37.03
09/13/22	97.28	-0.40	-0.41	3.94	21.16	26.59	16.13	21.79	34.75
09/14/22	97.11	-0.17	-0.18	3.99	19.62	31.01	14.26	26.06	39.18
09/15/22	96.85	-0.26	-0.26	4.06	18.78	29.42	13.49	24.51	38.61
09/16/22	96.98	0.13	0.14	4.02	19.61	32.50	14.34	27.42	20.85
09/19/22	96.85	-0.14	-0.14	4.06	17.62	30.26	12.38	25.29	16.35
09/20/22	96.49	-0.36	-0.37	4.17	19.88	31.85	14.77	27.23	22.85
09/21/22	96.75	0.26	0.27	4.09	7.59	26.68	2.10	21.76	14.68
09/22/22	95.92	-0.83	-0.85	4.33	20.03	28.25	15.71	24.11	18.66
09/23/22	95.72	-0.20	-0.21	4.38	19.09	24.71	14.35	20.24	15.24
09/26/22	94.93	-0.79	-0.82	4.61	26.36	30.37	22.23	26.30	21.77
09/27/22	94.49	-0.44	-0.47	4.74	46.00	38.42	42.05	34.60	33.67
09/28/22	95.67	1.18	1.25	4.40	30.41	33.85	25.33	28.93	27.73
09/29/22	95.34	-0.33	-0.34	4.50	33.15	36.09	28.53	31.51	30.82
09/30/22	95.05	-0.29	-0.31	4.58	34.43	38.91	30.24	34.73	34.56
10/03/22	95.66	0.61	0.64	4.41	35.90	39.20	30.95	34.32	29.58
10/04/22	95.87	0.22	0.23	4.35	34.65	36.53	29.61	31.53	25.72
10/05/22	95.40	-0.48	-0.50	4.48	36.10	39.62	31.46	35.10	31.59
10/06/22	95.19	-0.21	-0.22	4.55	34.77	34.79	30.40	30.49	28.42
10/07/22	94.81	-0.38	-0.40	4.66	37.72	39.10	33.69	35.14	32.10
10/10/22	94.67	-0.13	-0.14	4.70	41.71	40.01	37.81	36.22	36.27
10/11/22	94.48	-0.19	-0.20	4.76	45.86	46.77	42.07	43.03	40.36
10/12/22	94.58	0.10	0.10	4.73	46.88	47.68	42.79	43.79	41.57
10/13/22	94.07	-0.51	-0.54	4.88	51.46	50.37	47.43	46.76	42.84
10/14/22	93.85	-0.21	-0.23	4.94	52.15	51.82	48.44	48.36	42.49
10/17/22	94.08	0.22	0.24	4.88	49.07	49.87	45.24	46.40	42.02
10/18/22	94.23	0.15	0.16	4.84	46.01	47.80	42.25	44.33	40.64
10/19/22	93.75	-0.48	-0.51	4.98	45.77	47.42	42.22	44.26	41.48
10/20/22	93.43	-0.32	-0.35	5.08	46.06	47.91	42.73	44.93	42.60
10/21/22	93.45	0.02	0.03	5.07	58.39	59.09	55.24	56.18	53.63
10/24/22	93.78	0.33	0.35	4.97	48.11	51.10	44.82	48.02	45.56
10/25/22	93.93	0.15	0.16	4.93	49.85	55.32	46.49	52.21	46.97
10/26/22	94.14	0.21	0.22	4.87	51.32	55.32	47.95	52.27	47.38
10/27/22	94.62	0.47	0.50	4.73	51.09	52.81	47.55	49.48	44.56
10/28/22	94.17	-0.45	-0.48	4.87	49.23	55.89	45.87	52.78	47.73
10/31/22	94.04	-0.13	-0.13	4.90	47.17	53.95	44.08	51.23	44.54
11/01/22	94.08	0.03	0.04	4.90	39.89	51.78	36.69	48.92	41.55
11/02/22	94.18	0.10	0.11	4.87	30.26	46.07	26.95	43.23	36.11
11/03/22	93.74	-0.44	-0.47	5.00	37.55	47.98	34.50	45.34	36.07
11/04/22	94.10	0.36	0.39	4.89	31.77	41.49	28.70	38.88	30.99
11/07/22	93.80	-0.30	-0.32	4.99	38.23	44.58	35.52	42.21	33.74
11/08/22	94.12	0.33	0.35	4.89	36.21	41.93	33.18	39.37	30.97
11/09/22	94.19	0.06	0.06	4.87	41.87	44.12	38.92	41.65	34.13
11/10/22	95.41	1.22	1.30	4.51	33.84	45.70	30.10	42.54	31.78
11/11/22	95.30	-0.11	-0.11	4.55	37.17	45.90	33.40	42.73	35.07
11/14/22	95.31	0.02	0.02	4.54	34.98	41.45	31.30	38.26	29.16
11/15/22	95.63	0.32	0.33	4.45	35.52	40.90	31.49	37.33	26.52
11/16/22	95.85	0.22	0.23	4.39	32.31	38.33	27.84	34.34	25.52
11/17/22	95.54	-0.31	-0.33	4.48	31.22	38.41	26.93	34.59	26.28
11/18/22	95.31	-0.23	-0.24	4.55	30.35	39.62	26.18	35.96	27.34
11/21/22	95.45	0.14	0.15	4.51	23.84	33.86	19.46	29.90	20.94
11/22/22	95.91	0.46	0.48	4.37	18.36	23.81	13.32	19.18	10.56
11/23/22	95.87	-0.03	-0.04	4.39	23.31	27.98	18.13	23.39	15.90
11/25/22	95.94	0.07	0.07	4.37	21.84	26.74	16.44	22.03	13.92
11/28/22	95.88	-0.06	-0.06	4.39	26.42	29.70	21.29	24.99	16.15
11/29/22	95.73	-0.15	-0.16	4.43	26.85	31.42	21.87	27.04	19.84
11/30/22	95.96	0.22	0.24	4.37	39.90	36.83	34.55	32.25	24.29
12/01/22	96.51	0.55	0.58	4.20	31.09	37.50	25.53	32.47	22.11
12/02/22	96.64	0.13	0.13	4.17	27.30	34.13	21.42	28.93	18.05
12/05/22	96.14	-0.50	-0.52	4.32	31.77	35.99	26.23	31.11	20.11
12/06/22	96.19	0.06	0.06	4.30	29.31	39.81	23.62	34.70	21.64
12/07/22	96.62	0.42	0.44	4.18	28.36	39.21	22.05	33.50	20.24
12/08/22	96.22	-0.40	-0.42	4.30	34.25	42.65	28.56	37.48	25.17
12/09/22	96.08	-0.14	-0.14	4.34	33.21	43.08	27.87	38.20	26.39
12/12/22	95.95	-0.13	-0.13	4.38	31.98	41.43	27.13	36.56	23.33
12/13/22	96.50	0.55	0.57	4.22	30.61	41.49	24.90	36.37	23.60
12/14/22	96.33	-0.17	-0.18	4.27	40.25	44.79	34.99	40.05	27.73
12/15/22	96.45	0.12	0.13	4.23	33.42	43.20	28.17	38.50	25.10
12/16/22	96.47	0.02	0.02	4.23	34.77	46.63	29.59	42.04	32.28
12/19/22	96.05	-0.42	-0.44	4.36	40.43	49.79	35.58	45.52	35.84
12/20/22	95.76	-0.29	-0.30	4.44	45.65	53.24	41.18	49.27	41.71
12/21/22	95.74	-0.03	-0.03	4.45	47.56	56.46	43.11	52.56	45.90
12/22/22	95.77	0.04	0.04	4.44	42.43	52.37	37.83	48.34	41.53
12/23/22	95.55	-0.22	-0.23	4.51	43.84	51.67	39.40	47.74	41.82
12/27/22	95.25	-0.30	-0.32	4.60	47.31	50.95	43.11	47.26	41.15
12/28/22	94.99	-0.26	-0.27	4.68	52.80	56.31	48.69	52.76	50.32
12/29/22	95.08	0.10	0.10	4.66	50.22	55.56	46.12	51.92	48.07
12/30/22	95.11	0.03	0.03	4.65	45.31	56.98	41.10	53.43	44.94
01/03/23	95.20	0.09	0.10	4.62	54.05	53.59	49.80	50.03	43.58
01/04/23	95.46	0.26	0.27	4.55	50.63	49.75	46.20	46.10	39.85
01/05/23	95.26	-0.20	-0.21	4.61	46.48	50.19	42.30	46.76	40.24
01/06/23	96.00	0.73	0.77	4.38	46.62	52.34	41.93	48.59	39.09
01/09/23	96.21	0.22	0.22	4.32	43.54	53.81	38.97	50.13	38.52
01/10/23	96.16	-0.05	-0.05	4.34	40.38	48.13	35.87	44.48	34.68
01/11/23	96.34	0.18	0.18	4.28	37.59	47.17	32.81	43.34	33.71
01/12/23	96.74	0.40	0.42	4.16	37.43	47.33	32.38	43.14	32.96
01/13/23	96.61	-0.13	-0.13	4.20	35.10	43.11	30.32	39.02	28.72
01/17/23	96.75	0.13	0.14	4.17	31.27	41.18	26.51	37.25	28.40
01/18/23	97.09	0.34	0.35	4.06	36.35	47.78	31.31	43.49	34.49
01/19/23	96.71	-0.37	-0.39	4.18	43.50	53.93	38.67	49.88	41.44
01/20/23	96.54	-0.17	-0.18	4.23	42.77	50.60	38.22	46.75	39.26
01/23/23	96.36	-0.18	-0.18	4.29	42.98	50.06	38.66	46.41	38.97
01/24/23	96.46	0.09	0.10	4.26	43.89	50.61	39.39	46.83	39.49
01/25/23	96.57	0.11	0.11	4.23	41.59	50.07	36.97	46.23	38.57
01/26/23	96.65	0.08	0.08	4.20	33.54	43.01	29.00	39.10	32.25
01/27/23	96.56	-0.09	-0.09	4.23	34.20	43.88	29.62	40.16	31.95
01/30/23	96.27	-0.28	-0.30	4.32	39.46	46.50	35.29	43.05	35.28
01/31/23	96.47	0.20	0.20	4.26	38.52	45.50	34.56	42.26	34.09
02/01/23	96.86	0.40	0.41	4.14	34.31	48.42	29.90	44.71	35.58
02/02/23	97.25	0.38	0.40	4.02	24.93	39.38	20.47	35.58	26.22
02/03/23	96.58	-0.67	-0.68	4.23	26.60	38.62	22.57	35.27	26.25
02/06/23	95.99	-0.59	-0.61	4.41	28.50	39.96	24.73	36.86	28.49
02/07/23	95.92	-0.07	-0.07	4.43	31.65	40.07	28.03	37.12	30.64
02/08/23	96.02	0.10	0.11	4.40	32.04	39.68	28.26	36.66	30.40
02/09/23	95.79	-0.24	-0.25	4.48	31.70	39.87	28.01	37.03	29.17
02/10/23	95.69	-0.09	-0.10	4.51	29.24	40.71	25.62	37.93	29.57
02/13/23	95.55	-0.14	-0.15	4.56	33.89	43.89	30.25	41.09	32.31
02/14/23	95.30	-0.25	-0.26	4.64	28.26	42.71	24.66	40.04	29.53
02/15/23	95.42	0.12	0.12	4.60	21.26	36.39	17.71	33.77	23.25
02/16/23	95.34	-0.08	-0.08	4.63	22.55	39.08	19.10	36.59	29.62
02/17/23	95.35	0.01	0.01	4.62	26.97	41.46	23.33	38.86	30.82
02/21/23	94.95	-0.40	-0.42	4.75	27.37	40.76	24.15	38.45	31.82
02/22/23	95.01	0.06	0.07	4.73	26.53	40.80	23.16	38.41	31.32
02/23/23	95.19	0.17	0.18	4.68	23.04	37.57	19.67	35.08	27.95
02/24/23	94.91	-0.28	-0.29	4.77	19.72	34.31	16.61	32.00	25.42
02/27/23	94.98	0.07	0.07	4.75	21.35	33.76	18.06	31.36	25.26
02/28/23	94.85	-0.13	-0.13	4.79	24.16	38.15	19.75	35.72	29.65
03/01/23	94.51	-0.34	-0.36	4.91	24.45	39.04	21.57	36.16	30.61
03/02/23	94.46	-0.04	-0.04	4.92	24.09	36.28	21.32	33.36	28.87
03/03/23	94.65	0.18	0.19	4.87	22.49	36.60	19.51	33.52	27.28
03/06/23	94.69	0.04	0.04	4.86	21.60	32.63	18.49	29.42	24.03
03/07/23	94.37	-0.32	-0.34	4.96	23.27	36.43	20.21	33.25	25.23
03/08/23	94.25	-0.11	-0.12	5.00	24.96	36.20	21.84	32.83	23.98
03/09/23	94.59	0.34	0.36	4.89	33.45	42.69	30.09	39.17	29.60
03/10/23	95.40	0.80	0.85	4.63	31.69	45.11	27.29	40.69	30.00
03/13/23	96.52	1.12	1.17	4.28	37.90	49.02	33.20	44.13	35.90
03/14/23	95.86	-0.65	-0.68	4.49	38.45	53.35	33.50	48.91	39.89
03/15/23	95.83	-0.03	-0.04	4.50	63.12	80.76	56.44	74.54	62.48
03/16/23	95.40	-0.43	-0.45	4.64	55.82	77.64	49.69	72.18	66.10
03/17/23	96.44	1.05	1.10	4.31	51.47	72.66	45.06	66.35	61.31
03/20/23	96.31	-0.14	-0.14	4.35	44.94	67.13	38.54	61.39	57.24
03/21/23	96.29	-0.02	-0.02	4.36	30.15	48.36	24.00	42.12	38.32
03/22/23	97.01	0.72	0.75	4.13	31.48	46.18	24.47	39.67	36.04
03/23/23	97.69	0.69	0.71	3.92	18.99	42.95	11.28	35.76	31.57
03/24/23	97.67	-0.02	-0.02	3.92	23.51	44.96	16.57	38.59	33.71
03/27/23	97.11	-0.56	-0.58	4.10	19.71	40.27	13.69	33.57	31.39
03/28/23	96.84	-0.27	-0.27	4.19	21.03	41.69	14.78	35.53	31.90
03/29/23	96.91	0.07	0.07	4.17	17.32	38.02	10.71	31.98	28.68
03/30/23	97.02	0.11	0.11	4.13	9.57	33.51	2.78	27.34	24.99
03/31/23	97.14	0.11	0.12	4.09	17.34	34.62	11.59	28.67	26.85
04/03/23	97.46	0.32	0.33	4.00	18.54	34.72	11.81	28.66	25.88
04/04/23	97.86	0.40	0.41	3.87	20.00	35.78	13.07	29.23	27.42
04/05/23	98.23	0.37	0.38	3.75	9.52	29.98	2.87	22.93	22.17
04/06/23	98.10	-0.13	-0.13	3.79	7.94	35.02	1.27	27.85	20.85
04/10/23	97.53	-0.57	-0.58	3.97	11.71	32.41	4.92	26.07	20.48
04/11/23	97.48	-0.05	-0.06	3.99	12.20	31.16	5.29	24.79	18.43
04/12/23	97.72	0.23	0.24	3.92	12.50	32.74	5.94	26.30	20.57
04/13/23	97.72	0.01	0.01	3.92	9.95	30.86	3.18	24.46	19.40
04/14/23	97.37	-0.35	-0.36	4.03	9.62	30.26	3.03	24.23	18.72
04/17/23	97.16	-0.22	-0.22	4.10	6.88	29.32	0.68	23.87	18.26
04/18/23	97.12	-0.04	-0.04	4.11	10.01	32.19	2.96	25.77	20.42
04/19/23	96.78	-0.34	-0.35	4.22	17.61	37.49	10.75	31.44	25.62
04/20/23	97.02	0.24	0.25	4.15	20.71	39.95	13.42	33.34	26.82
04/21/23	97.06	0.04	0.04	4.13	15.48	38.27	8.17	31.39	24.14
04/24/23	97.26	0.20	0.20	4.07	20.55	37.37	13.75	30.94	24.08
04/25/23	97.89	0.64	0.65	3.87	12.04	34.41	4.50	26.80	22.74
04/26/23	97.80	-0.09	-0.10	3.90	8.94	34.82	1.38	27.37	22.72
04/27/23	97.29	-0.52	-0.53	4.07	17.99	33.90	10.95	27.39	23.97
04/28/23	97.37	0.08	0.09	4.04	20.89	36.96	13.68	30.09	25.82
05/01/23	97.10	-0.27	-0.28	4.13	17.58	36.39	11.78	30.63	27.52
05/02/23	97.53	0.43	0.44	3.99	20.40	39.56	13.89	33.34	29.64
05/03/23	97.77	0.24	0.25	3.91	29.70	37.36	22.63	30.37	27.45
05/04/23	98.21	0.44	0.45	3.77	15.01	41.37	7.68	33.78	32.57
05/05/23	97.81	-0.40	-0.41	3.90	17.82	34.27	10.47	26.78	26.03
05/08/23	97.51	-0.31	-0.31	4.00	21.04	44.38	13.88	37.60	29.61
05/09/23	97.56	0.06	0.06	3.98	22.14	33.40	14.96	26.05	26.21
05/10/23	97.95	0.39	0.40	3.86	16.30	33.59	8.81	26.18	27.48
05/11/23	97.96	0.02	0.02	3.85	19.50	34.10	11.88	26.50	26.47
05/12/23	97.70	-0.27	-0.27	3.94	19.67	32.57	12.41	25.18	23.98
05/15/23	97.69	-0.01	-0.01	3.94	18.83	31.43	12.01	24.59	24.10
05/16/23	97.49	-0.20	-0.20	4.01	19.98	32.82	13.01	25.87	27.71
05/17/23	97.29	-0.20	-0.20	4.08	19.71	31.42	12.96	24.73	25.92
05/18/23	96.97	-0.32	-0.33	4.18	19.68	31.83	13.22	25.53	25.09
05/19/23	96.94	-0.03	-0.03	4.19	17.59	28.21	11.39	22.09	22.51
05/22/23	96.88	-0.06	-0.06	4.22	14.57	27.51	8.29	21.28	22.59
05/23/23	96.92	0.03	0.04	4.21	15.94	23.82	9.55	17.29	22.09
05/24/23	96.86	-0.05	-0.05	4.22	8.14	21.99	1.71	15.59	19.63
05/25/23	96.52	-0.34	-0.35	4.34	6.53	14.85	0.46	8.62	15.41
05/26/23	96.28	-0.25	-0.26	4.42	13.26	13.19	7.43	7.23	15.57
05/30/23	96.72	0.45	0.46	4.28	11.95	21.37	5.59	14.94	14.64
05/31/23	96.90	0.17	0.18	4.21	10.35	24.39	3.86	18.05	17.58
06/01/23	97.10	0.20	0.20	4.15	12.15	23.48	5.44	17.04	16.75
06/02/23	96.74	-0.36	-0.37	4.27	7.31	19.64	1.04	13.51	12.96
06/05/23	96.85	0.11	0.12	4.24	8.10	17.88	1.91	11.98	11.37
06/06/23	96.61	-0.24	-0.25	4.32	12.69	21.93	6.72	16.47	14.92
06/07/23	96.64	0.03	0.03	4.31	3.54	17.40	-2.22	12.07	9.99
06/08/23	96.77	0.13	0.14	4.27	2.89	17.14	-3.14	11.52	9.58
06/09/23	96.44	-0.34	-0.35	4.38	7.97	19.56	2.24	14.08	13.07
06/12/23	96.44	0.01	0.01	4.38	10.80	20.95	4.96	15.66	14.21
06/13/23	96.14	-0.30	-0.32	4.49	9.80	18.43	4.69	13.54	13.25
06/14/23	96.14	0.01	0.01	4.48	8.40	18.38	3.24	13.60	11.41
06/15/23	96.42	0.28	0.29	4.39	4.99	16.64	-0.44	11.51	10.17
06/16/23	96.32	-0.10	-0.10	4.43	-0.93	12.06	-6.37	6.82	9.90
06/20/23	96.50	0.18	0.18	4.37	-2.73	9.84	-8.53	4.27	7.89
06/21/23	96.57	0.07	0.07	4.35	-5.01	8.44	-10.92	2.69	5.61
06/22/23	96.31	-0.26	-0.27	4.44	-5.22	6.88	-10.76	1.50	5.43
06/23/23	96.51	0.20	0.21	4.37	-6.97	5.53	-12.57	-0.03	4.01
06/26/23	96.63	0.12	0.13	4.33	-9.02	4.19	-14.90	-1.54	2.61
06/27/23	96.40	-0.23	-0.24	4.41	-8.26	3.00	-14.12	-2.75	1.77
06/28/23	96.56	0.16	0.16	4.36	-7.68	4.31	-13.88	-1.78	1.92
06/29/23	96.15	-0.41	-0.43	4.50	-9.89	-0.13	-15.57	-5.81	-0.31
06/30/23	96.23	0.09	0.09	4.47	-15.19	-3.09	-20.75	-8.93	-3.36
07/03/23	96.03	-0.20	-0.21	4.54	21.97	-2.40	10.19	-7.90	-2.41
07/05/23	95.90	-0.13	-0.14	4.59	21.46	-2.10	9.78	-7.36	-2.62
07/06/23	95.59	-0.31	-0.33	4.70	26.04	-0.31	14.61	-5.35	0.37
07/07/23	95.77	0.19	0.20	4.64	18.81	-0.23	7.60	-5.09	-0.42
07/10/23	96.10	0.32	0.34	4.53	21.88	-1.42	10.24	-6.61	-2.36
07/11/23	96.11	0.01	0.01	4.53	19.79	-2.36	8.08	-7.67	-3.37
07/12/23	96.71	0.60	0.63	4.32	14.23	-4.22	2.13	-10.16	-6.86
07/13/23	96.90	0.19	0.19	4.25	20.60	4.93	8.84	-0.96	1.78
07/14/23	96.50	-0.40	-0.41	4.39	23.66	5.14	11.88	-0.46	2.92
07/17/23	96.50	0.00	0.00	4.40	26.39	8.52	14.68	2.85	6.17
07/18/23	96.43	-0.07	-0.07	4.42	28.50	9.64	16.76	3.98	8.12
07/19/23	96.48	0.05	0.05	4.41	26.90	9.52	15.02	3.70	7.74
07/20/23	96.19	-0.28	-0.29	4.51	27.90	7.19	16.53	2.00	6.83
07/21/23	96.14	-0.06	-0.06	4.53	29.07	8.41	17.60	3.15	8.04
07/24/23	95.98	-0.16	-0.17	4.59	29.35	8.98	17.82	3.91	10.09
07/25/23	95.78	-0.20	-0.21	4.66	34.98	9.63	23.66	4.88	11.04
07/26/23	96.02	0.24	0.25	4.57	29.29	12.09	17.99	7.00	11.65
07/27/23	95.62	-0.41	-0.42	4.72	33.51	10.19	22.49	5.84	12.49
07/28/23	95.81	0.19	0.20	4.65	33.71	9.53	22.73	5.05	11.26
07/31/23	95.94	0.13	0.14	4.60	31.07	7.74	20.29	3.46	9.54
08/01/23	95.52	-0.42	-0.44	4.76	40.25	17.95	30.18	14.22	19.10
08/02/23	95.50	-0.02	-0.02	4.77	46.34	20.82	36.33	17.19	21.75
08/03/23	95.33	-0.18	-0.19	4.83	50.13	24.28	40.26	20.95	24.86
08/04/23	95.51	0.18	0.19	4.77	52.82	31.28	43.07	27.62	29.95
08/07/23	95.52	0.02	0.02	4.77	54.31	31.56	44.50	28.00	30.67
08/08/23	95.61	0.09	0.10	4.73	54.58	32.86	44.56	29.07	31.25
08/09/23	95.53	-0.08	-0.08	4.76	53.83	31.70	43.96	28.02	30.86
08/10/23	95.27	-0.27	-0.28	4.86	56.68	33.39	47.32	30.29	32.57
08/11/23	95.03	-0.24	-0.25	4.95	60.14	34.00	50.83	31.24	34.76
08/14/23	94.91	-0.12	-0.13	5.00	57.25	32.40	47.73	29.42	33.23
08/15/23	94.87	-0.03	-0.04	5.01	59.98	34.74	50.45	31.81	35.21
08/16/23	94.78	-0.09	-0.10	5.05	60.02	33.13	50.52	30.34	37.76
08/17/23	94.81	0.04	0.04	5.04	61.01	35.50	51.40	32.56	38.58
08/18/23	94.76	-0.05	-0.05	5.06	63.00	38.29	53.51	35.34	42.23
08/21/23	94.59	-0.17	-0.18	5.12	62.17	37.37	52.89	34.64	42.10
08/22/23	94.57	-0.03	-0.03	5.14	60.43	34.77	51.04	32.05	39.22
08/23/23	94.89	0.33	0.34	5.02	59.20	34.23	49.60	31.20	37.96
08/24/23	94.95	0.06	0.06	5.00	51.69	27.17	42.06	24.08	31.33
08/25/23	94.85	-0.10	-0.10	5.04	51.32	26.56	41.98	23.75	31.07
08/28/23	94.95	0.10	0.10	5.01	52.03	27.43	42.55	24.42	31.69
08/29/23	95.33	0.38	0.40	4.87	50.73	27.00	40.94	23.56	30.18
08/30/23	95.38	0.06	0.06	4.85	50.21	25.27	40.22	21.78	28.56
08/31/23	95.47	0.09	0.09	4.81	50.97	24.81	41.23	21.68	28.17
09/01/23	95.34	-0.13	-0.14	4.87	49.76	25.37	40.48	22.48	28.79
09/05/23	95.11	-0.23	-0.24	4.96	51.94	27.02	42.76	24.39	30.40
09/06/23	94.90	-0.21	-0.22	5.04	52.53	26.34	43.44	23.86	30.20
09/07/23	95.10	0.20	0.21	4.96	53.61	27.43	44.21	24.73	30.27
09/08/23	95.12	0.02	0.02	4.96	49.40	23.91	39.92	21.14	27.62
09/11/23	95.05	-0.07	-0.07	4.99	52.23	26.49	42.83	23.79	29.72
09/12/23	94.93	-0.12	-0.13	5.04	52.60	28.79	43.59	26.25	31.73
09/13/23	94.98	0.05	0.05	5.02	54.70	31.47	45.55	28.87	33.28
09/14/23	94.92	-0.06	-0.06	5.04	54.16	29.36	44.99	26.97	32.16
09/15/23	94.93	0.01	0.01	5.04	52.16	25.57	42.85	23.21	28.55
09/18/23	94.91	-0.02	-0.02	5.05	50.73	25.31	41.63	23.14	31.47
09/19/23	94.76	-0.16	-0.16	5.11	50.60	25.51	41.77	23.54	32.37
09/20/23	94.70	-0.06	-0.06	5.14	47.53	23.50	38.79	21.55	30.81
09/21/23	94.60	-0.09	-0.10	5.17	50.63	25.00	41.75	23.09	32.25
09/22/23	94.74	0.14	0.15	5.12	49.34	25.23	40.65	23.42	32.36
09/25/23	94.67	-0.07	-0.08	5.15	52.83	25.76	43.99	24.01	32.80
09/26/23	94.66	-0.01	-0.01	5.16	53.00	25.83	44.09	23.99	32.67
09/27/23	94.47	-0.19	-0.20	5.23	53.99	26.32	45.24	24.58	33.84
09/28/23	94.64	0.17	0.18	5.17	55.27	29.37	46.38	27.41	35.14
09/29/23	94.70	0.06	0.06	5.15	54.85	29.38	45.96	27.45	34.59
10/02/23	94.43	-0.27	-0.29	5.26	57.62	31.33	48.87	29.62	37.40
10/03/23	94.15	-0.28	-0.29	5.37	63.61	35.98	54.96	34.39	41.31
10/04/23	94.45	0.30	0.31	5.26	61.00	35.86	52.30	34.06	40.22
10/05/23	94.34	-0.11	-0.11	5.30	70.07	44.24	61.37	42.50	47.89
10/06/23	94.16	-0.18	-0.19	5.37	68.58	43.90	60.11	42.32	48.29
10/09/23	94.70	0.53	0.57	5.17	49.12	23.98	40.27	21.97	28.27
10/10/23	94.59	-0.11	-0.11	5.21	67.93	37.29	59.06	35.38	46.48
10/11/23	94.64	0.05	0.05	5.20	64.46	39.07	55.74	37.15	42.77
10/12/23	94.51	-0.13	-0.13	5.25	61.05	35.12	52.40	33.41	39.09
10/13/23	94.60	0.09	0.09	5.21	60.56	34.13	51.83	32.31	39.30
10/16/23	94.49	-0.11	-0.12	5.26	60.61	32.29	51.81	30.56	38.25
10/17/23	94.09	-0.40	-0.42	5.42	61.87	33.74	53.33	32.35	40.11
10/18/23	93.98	-0.12	-0.12	5.47	65.44	35.53	56.77	34.21	42.20
10/19/23	93.97	0.00	0.00	5.47	68.03	38.02	59.44	36.69	45.57
10/20/23	94.10	0.13	0.14	5.42	72.53	42.17	63.98	40.68	50.76
10/23/23	94.34	0.24	0.25	5.33	67.61	36.89	59.04	35.32	45.48
10/24/23	94.34	0.00	0.00	5.34	65.29	38.75	56.58	37.06	43.46
10/25/23	94.15	-0.19	-0.20	5.41	67.03	39.43	58.42	37.97	44.42
10/26/23	94.42	0.27	0.29	5.31	64.37	38.70	55.83	37.05	42.88
10/27/23	94.53	0.11	0.12	5.27	64.82	40.20	56.29	38.48	42.99
10/30/23	94.45	-0.08	-0.09	5.30	66.23	33.29	57.49	31.65	43.08
10/31/23	94.39	-0.06	-0.06	5.32	66.27	32.79	57.96	31.78	42.70
11/01/23	94.65	0.26	0.27	5.23	67.25	36.27	59.07	34.98	45.20
11/02/23	94.75	0.10	0.11	5.19	62.85	31.15	54.40	29.68	40.49
11/03/23	95.12	0.37	0.39	5.05	64.51	31.63	55.76	29.90	40.69
11/06/23	94.94	-0.19	-0.19	5.12	61.87	35.37	53.39	33.59	39.23
11/07/23	95.06	0.12	0.13	5.08	60.68	34.03	52.24	32.11	38.39
11/08/23	95.02	-0.04	-0.05	5.10	61.65	35.21	53.20	33.27	39.70
11/09/23	94.71	-0.31	-0.33	5.22	64.61	34.86	56.17	33.32	39.96
11/10/23	94.81	0.11	0.11	5.18	59.42	28.97	50.91	27.40	34.51
11/13/23	95.00	0.19	0.20	5.11	53.89	25.49	46.01	24.41	30.35
11/14/23	95.57	0.57	0.60	4.89	53.64	21.11	45.35	19.62	29.78
11/15/23	95.24	-0.32	-0.34	5.02	56.07	26.57	47.98	25.24	31.62
11/16/23	95.45	0.21	0.22	4.94	56.80	26.40	48.73	25.02	34.90
11/17/23	95.44	-0.01	-0.01	4.94	53.36	22.22	45.21	20.85	31.42
11/20/23	95.49	0.05	0.05	4.93	52.12	20.44	43.82	18.96	29.98
11/21/23	95.62	0.13	0.13	4.88	49.88	18.59	41.68	17.17	27.75
11/22/23	95.64	0.02	0.03	4.87	47.41	16.35	39.18	14.89	26.06
11/24/23	95.54	-0.10	-0.11	4.92	47.39	14.12	39.24	12.89	24.24
11/27/23	95.76	0.22	0.23	4.83	45.50	14.67	37.13	13.09	24.13
11/28/23	96.03	0.27	0.28	4.73	45.33	13.20	36.78	11.48	23.87
11/29/23	96.24	0.20	0.21	4.65	46.90	14.95	38.16	12.79	24.76
11/30/23	96.15	-0.08	-0.09	4.68	45.11	12.32	36.39	10.35	21.99
12/01/23	96.50	0.34	0.36	4.55	46.08	15.59	37.32	13.10	23.41
12/04/23	96.29	-0.20	-0.21	4.63	48.72	16.39	39.78	13.82	23.90
12/05/23	96.44	0.15	0.15	4.58	48.71	17.78	39.50	14.90	24.54
12/06/23	96.38	-0.06	-0.06	4.60	50.52	20.21	41.39	17.50	26.99
12/07/23	96.41	0.03	0.03	4.59	49.88	17.47	40.97	15.06	26.38
12/08/23	96.10	-0.31	-0.32	4.72	49.71	16.36	40.93	14.31	26.34
12/11/23	96.12	0.02	0.02	4.71	48.90	16.43	39.98	14.33	25.33
12/12/23	96.13	0.01	0.01	4.71	49.11	16.31	40.27	14.14	25.68
12/13/23	96.82	0.69	0.72	4.43	46.56	18.73	37.35	15.61	25.13
12/14/23	96.94	0.12	0.12	4.39	48.89	21.52	39.25	17.96	28.55
12/15/23	96.85	-0.09	-0.09	4.43	47.27	18.35	37.87	15.18	27.20
12/18/23	96.89	0.03	0.03	4.42	45.30	15.43	35.92	12.29	26.00
12/19/23	97.00	0.11	0.11	4.37	42.95	13.27	33.40	9.92	23.69
12/20/23	97.17	0.17	0.18	4.31	44.20	15.16	34.41	11.38	23.79
12/21/23	97.14	-0.02	-0.03	4.32	46.91	16.58	37.23	13.03	26.32
12/22/23	97.16	0.02	0.02	4.31	47.67	20.98	38.05	17.44	26.75
12/26/23	97.10	-0.06	-0.06	4.34	48.34	21.19	38.61	17.57	27.64
12/27/23	97.32	0.22	0.23	4.25	47.02	20.26	36.79	16.03	26.88
12/28/23	97.23	-0.09	-0.09	4.29	47.03	19.19	37.05	15.35	25.39
12/29/23	97.28	0.05	0.05	4.27	47.62	19.63	37.64	15.82	25.11
01/02/24	97.12	-0.16	-0.17	4.34	46.97	17.45	37.69	14.40	24.69
01/03/24	97.09	-0.02	-0.02	4.35	47.74	19.75	38.25	16.56	27.17
01/04/24	96.97	-0.13	-0.13	4.40	45.07	18.21	35.99	15.41	25.00
01/05/24	96.85	-0.11	-0.12	4.45	47.94	20.50	39.18	18.02	27.80
01/08/24	96.92	0.06	0.07	4.43	47.26	21.94	38.41	19.32	29.23
01/09/24	97.01	0.09	0.09	4.39	44.43	21.20	35.50	18.46	26.47
01/10/24	96.94	-0.06	-0.06	4.42	47.09	21.46	38.33	18.90	28.80
01/11/24	97.24	0.30	0.31	4.30	45.38	23.21	36.58	20.49	26.49
01/12/24	97.50	0.26	0.26	4.20	43.29	21.81	34.26	18.81	24.93
01/16/24	97.27	-0.22	-0.23	4.29	45.21	23.05	36.42	20.34	26.24
01/17/24	96.98	-0.30	-0.30	4.41	45.56	21.21	37.05	18.86	27.83
01/18/24	96.99	0.01	0.01	4.41	44.37	19.89	35.93	17.59	26.70
01/19/24	96.88	-0.11	-0.11	4.45	44.59	23.01	36.13	20.76	28.26
01/22/24	96.86	-0.03	-0.03	4.47	48.48	24.39	40.00	22.08	32.02
01/23/24	96.92	0.06	0.06	4.45	45.62	23.90	36.99	21.46	29.46
01/24/24	96.83	-0.08	-0.09	4.48	46.17	21.40	37.63	19.09	29.06
01/25/24	97.01	0.18	0.19	4.41	46.26	22.14	37.60	19.59	29.34
01/26/24	96.94	-0.07	-0.08	4.44	44.76	23.52	36.06	21.02	28.51
01/29/24	97.06	0.12	0.12	4.39	45.67	24.21	36.82	21.47	29.61
01/30/24	96.94	-0.12	-0.13	4.45	45.92	23.36	37.16	20.81	30.55
01/31/24	97.24	0.31	0.32	4.32	46.94	27.00	38.66	24.78	30.78
02/01/24	97.22	-0.03	-0.03	4.33	51.72	31.72	43.08	29.02	36.25
02/02/24	96.95	-0.27	-0.28	4.45	43.93	23.98	35.44	21.75	29.54
02/05/24	96.70	-0.25	-0.26	4.55	44.50	21.25	36.32	19.50	29.15
02/06/24	96.92	0.22	0.23	4.46	42.91	22.16	34.45	20.00	27.22
02/07/24	96.90	-0.02	-0.02	4.47	40.83	20.06	32.36	17.92	25.61
02/08/24	96.83	-0.07	-0.07	4.50	39.89	17.12	31.55	15.15	23.89
02/09/24	96.70	-0.13	-0.13	4.56	42.64	19.63	34.38	17.80	27.31
02/12/24	96.74	0.04	0.04	4.54	42.81	22.18	34.42	20.18	27.55
02/13/24	96.35	-0.39	-0.40	4.71	39.04	16.17	31.18	15.04	24.21
02/14/24	96.59	0.24	0.25	4.61	35.66	15.20	27.46	13.55	21.08
02/15/24	96.62	0.03	0.03	4.60	35.88	14.19	27.63	12.55	23.03
02/16/24	96.56	-0.06	-0.06	4.63	32.07	8.86	23.90	7.40	19.79
02/20/24	96.69	0.13	0.13	4.58	31.39	9.92	23.00	8.20	19.66
02/21/24	96.57	-0.12	-0.13	4.63	31.70	9.01	23.27	7.32	19.41
02/22/24	96.48	-0.09	-0.09	4.67	32.06	8.94	23.72	7.41	19.62
02/23/24	96.53	0.06	0.06	4.65	30.97	9.54	22.48	7.91	19.94
02/26/24	96.35	-0.18	-0.19	4.73	37.37	14.45	28.94	12.92	25.05
02/27/24	96.37	0.02	0.02	4.72	35.29	13.16	26.86	11.67	23.74
02/28/24	96.38	0.00	0.00	4.72	40.38	18.10	31.93	16.49	28.87
02/29/24	96.40	0.02	0.02	4.72	40.40	19.23	32.14	17.76	29.86
03/01/24	96.62	0.22	0.23	4.63	38.48	19.20	29.51	16.87	29.75
03/04/24	96.49	-0.12	-0.13	4.68	39.44	19.05	30.45	16.83	30.06
03/05/24	96.59	0.10	0.10	4.64	41.03	20.07	31.97	17.68	31.42
03/06/24	96.58	-0.01	-0.01	4.65	41.53	20.48	32.62	18.26	32.38
03/07/24	96.68	0.10	0.10	4.61	41.41	20.46	32.20	17.90	32.52
03/08/24	96.81	0.13	0.14	4.55	38.82	18.53	29.68	15.88	29.95
03/11/24	96.66	-0.16	-0.16	4.62	42.34	20.32	33.19	17.78	32.70
03/12/24	96.65	-0.01	-0.01	4.63	36.65	14.58	27.68	12.34	26.56
03/13/24	96.58	-0.07	-0.07	4.66	36.41	14.31	27.52	12.23	26.53
03/14/24	96.38	-0.20	-0.21	4.75	37.00	16.03	28.43	14.32	26.50
03/15/24	96.33	-0.04	-0.04	4.77	34.28	13.64	25.66	11.92	24.11
03/18/24	96.35	0.02	0.02	4.77	33.35	12.80	24.52	10.91	4.30
03/19/24	96.42	0.06	0.07	4.74	34.72	14.12	25.99	12.27	5.61
03/20/24	96.60	0.18	0.18	4.66	33.87	13.69	24.76	11.30	5.81
03/21/24	96.56	-0.04	-0.04	4.68	34.00	14.38	25.52	12.64	4.92
03/22/24	96.68	0.12	0.13	4.63	33.36	14.77	24.74	12.77	3.88
03/25/24	96.66	-0.02	-0.02	4.64	31.79	11.52	23.09	9.56	2.53
03/26/24	96.66	0.00	0.00	4.64	32.29	12.35	23.70	10.50	3.26
03/27/24	96.71	0.05	0.05	4.63	33.25	15.00	24.64	13.01	3.08
03/28/24	96.59	-0.12	-0.13	4.68	33.68	14.49	25.21	12.87	2.68
04/01/24	96.42	-0.16	-0.17	4.76	32.15	11.61	24.37	10.72	2.01
04/02/24	96.46	0.03	0.03	4.75	32.12	12.33	24.35	11.41	4.86
04/03/24	96.56	0.10	0.10	4.70	29.90	10.12	22.03	9.11	2.80
04/04/24	96.69	0.14	0.14	4.64	27.74	8.29	19.78	7.14	0.45
04/05/24	96.45	-0.25	-0.25	4.75	28.02	8.33	20.26	7.47	0.41
04/08/24	96.33	-0.12	-0.13	4.81	29.48	10.05	21.81	9.24	1.69
04/09/24	96.43	0.11	0.11	4.77	29.43	10.21	21.62	9.25	2.21
04/10/24	95.98	-0.46	-0.48	4.98	26.02	7.13	18.18	6.46	0.69
04/11/24	96.02	0.04	0.05	4.96	25.98	7.39	17.99	6.56	1.38
04/12/24	96.13	0.11	0.11	4.91	26.10	7.93	18.11	7.04	1.51
04/15/24	96.04	-0.09	-0.09	4.96	27.09	7.19	19.10	6.34	3.03
04/16/24	95.96	-0.08	-0.08	4.99	26.23	6.14	18.26	5.33	2.02
04/17/24	96.07	0.11	0.12	4.95	26.27	7.79	18.32	6.95	1.15
04/18/24	95.95	-0.13	-0.13	5.00	26.24	7.91	18.38	7.21	1.02
04/19/24	95.97	0.03	0.03	4.99	26.38	8.03	18.51	7.30	1.47
04/22/24	96.00	0.02	0.03	4.99	26.87	8.43	18.98	7.68	1.34
04/23/24	96.16	0.16	0.17	4.92	23.83	5.53	15.93	4.71	-1.16
04/24/24	96.10	-0.06	-0.06	4.94	24.39	5.78	16.51	5.01	-0.21
04/25/24	95.93	-0.17	-0.18	5.03	25.40	7.48	17.55	6.84	1.28
04/26/24	95.96	0.03	0.03	5.02	24.08	6.71	16.20	6.03	-0.22
04/29/24	96.08	0.12	0.13	4.97	21.80	4.35	13.85	3.58	-3.15
04/30/24	95.97	-0.11	-0.11	5.02	20.54	3.63	12.61	2.97	-3.79
05/01/24	96.12	0.14	0.15	4.95	20.29	3.12	12.35	2.37	-0.99
05/02/24	96.33	0.22	0.22	4.85	18.63	0.93	10.76	0.14	-2.89
05/03/24	96.52	0.19	0.20	4.77	18.47	-0.03	10.47	-1.04	-4.14
05/06/24	96.48	-0.04	-0.04	4.79	19.76	1.17	11.57	0.02	-4.35
05/07/24	96.44	-0.04	-0.04	4.81	22.43	3.81	14.36	2.74	-1.56
05/08/24	96.43	-0.01	-0.01	4.82	21.50	3.23	13.42	2.15	-1.79
05/09/24	96.59	0.16	0.17	4.75	15.88	-1.83	7.65	-3.02	-6.90
05/10/24	96.49	-0.10	-0.11	4.80	16.30	-1.97	8.14	-3.07	-7.25
05/13/24	96.49	0.00	0.00	4.80	17.72	-0.79	9.54	-1.91	-5.84
05/14/24	96.52	0.03	0.03	4.79	19.94	3.50	11.69	2.21	-3.35
05/15/24	96.76	0.24	0.25	4.68	18.73	1.92	10.36	0.41	-5.63
05/16/24	96.63	-0.13	-0.13	4.74	18.26	0.07	10.05	-1.04	-5.70
05/17/24	96.56	-0.07	-0.07	4.77	18.39	0.14	10.25	-0.94	-5.77
05/20/24	96.54	-0.02	-0.03	4.79	18.52	0.09	10.41	-0.97	-5.73
05/21/24	96.57	0.03	0.03	4.78	19.60	1.10	11.42	-0.02	-5.25
05/22/24	96.49	-0.08	-0.08	4.82	19.16	0.55	11.09	-0.43	-5.91
05/23/24	96.33	-0.17	-0.17	4.90	20.51	2.70	12.58	1.91	-3.80
05/24/24	96.34	0.01	0.01	4.89	19.26	1.48	11.28	0.62	-5.62
05/28/24	96.29	-0.05	-0.05	4.92	20.12	1.45	12.18	0.65	-5.57
05/29/24	96.23	-0.06	-0.07	4.96	21.19	2.02	13.31	1.29	-4.43
05/30/24	96.32	0.09	0.10	4.91	21.59	2.74	13.66	1.93	-3.86
05/31/24	96.55	0.23	0.24	4.80	16.00	-3.19	8.51	-3.61	-9.39
06/03/24	96.65	0.09	0.10	4.76	18.01	-1.07	10.37	-1.62	-4.68
06/04/24	96.77	0.12	0.13	4.71	18.36	-0.96	10.55	-1.80	-5.77
06/05/24	96.84	0.08	0.08	4.67	19.27	-0.41	11.31	-1.38	-4.45
06/06/24	96.84	0.00	0.00	4.68	20.07	-0.31	12.16	-1.22	-4.48
06/07/24	96.51	-0.33	-0.34	4.84	20.91	0.64	13.34	0.07	-3.94
06/10/24	96.51	0.00	0.00	4.84	21.59	0.66	14.11	0.20	-3.38
06/11/24	96.57	0.06	0.06	4.81	23.93	3.07	16.37	2.50	-0.79
06/12/24	96.68	0.11	0.11	4.77	26.20	5.40	18.47	4.58	0.17
06/13/24	96.83	0.15	0.16	4.69	28.56	5.16	20.83	4.34	0.52
06/14/24	96.88	0.05	0.05	4.67	27.21	2.79	19.46	1.96	-1.30
06/17/24	96.76	-0.12	-0.12	4.74	25.96	2.67	18.24	1.91	-2.23
06/18/24	96.90	0.14	0.15	4.67	24.94	3.31	17.06	2.10	-3.44
06/20/24	96.73	-0.17	-0.18	4.76	31.54	9.93	23.92	8.98	3.18
06/21/24	96.72	-0.01	-0.01	4.76	33.00	10.15	25.40	9.24	4.25
06/24/24	96.77	0.05	0.05	4.74	31.26	8.01	23.50	6.96	1.82
06/25/24	96.69	-0.08	-0.08	4.78	35.03	12.14	27.35	11.15	5.52
06/26/24	96.57	-0.12	-0.13	4.84	35.50	11.45	28.00	10.75	6.67
06/27/24	96.65	0.08	0.08	4.81	34.35	10.62	26.89	9.93	5.64
06/28/24	96.67	0.02	0.02	4.80	33.31	8.62	25.91	7.94	4.56
07/01/24	96.60	-0.07	-0.08	4.84	32.22	8.36	24.77	7.68	4.24
07/02/24	96.65	0.05	0.05	4.82	32.67	9.47	25.08	8.62	7.61
07/03/24	96.79	0.14	0.15	4.75	29.49	7.95	21.71	6.96	5.65
07/05/24	97.02	0.23	0.24	4.64	28.76	5.32	20.70	3.95	3.50
07/08/24	96.97	-0.05	-0.05	4.67	30.28	6.79	22.28	5.50	3.73
07/09/24	97.00	0.02	0.02	4.66	29.73	5.12	21.67	3.82	3.59
07/10/24	97.00	0.00	0.00	4.66	30.60	5.72	22.56	4.44	3.61
07/11/24	97.16	0.16	0.17	4.58	34.96	9.47	27.01	8.01	7.04
07/12/24	97.30	0.14	0.15	4.51	32.30	8.22	24.13	6.52	6.31
07/15/24	97.32	0.02	0.02	4.51	33.23	8.68	25.11	6.95	6.05
07/16/24	97.37	0.05	0.05	4.49	32.50	8.62	24.23	6.75	6.01
07/17/24	97.30	-0.07	-0.07	4.52	35.11	11.45	26.91	9.65	8.73
07/18/24	97.25	-0.05	-0.05	4.55	34.70	11.14	26.63	9.49	7.69
07/19/24	97.18	-0.07	-0.08	4.59	34.94	11.17	26.89	9.55	8.06
07/22/24	97.08	-0.09	-0.10	4.64	39.54	16.04	31.69	14.65	11.92
07/23/24	97.15	0.07	0.07	4.61	38.25	15.28	30.25	13.72	11.47
07/24/24	97.19	0.04	0.04	4.59	39.61	16.16	31.64	14.60	11.51
07/25/24	97.17	-0.02	-0.02	4.60	39.96	17.32	32.04	15.79	11.97
07/26/24	97.29	0.12	0.12	4.54	38.57	16.35	30.73	14.80	11.48
07/29/24	97.32	0.03	0.03	4.53	37.62	16.02	29.38	14.09	10.33
07/30/24	97.37	0.05	0.05	4.51	38.26	16.33	29.82	14.15	10.91
07/31/24	97.61	0.24	0.24	4.38	35.20	13.59	26.89	11.44	8.12
08/01/24	97.72	0.11	0.11	4.34	41.00	19.37	32.92	17.23	17.30
08/02/24	98.22	0.51	0.52	4.08	44.78	23.39	35.80	19.97	20.13
08/05/24	98.06	-0.16	-0.17	4.17	52.52	30.94	43.29	27.17	27.76
08/06/24	97.94	-0.12	-0.13	4.23	49.44	26.24	40.48	22.90	24.12
08/07/24	97.90	-0.03	-0.04	4.25	50.94	27.59	42.09	24.29	26.30
08/08/24	97.73	-0.17	-0.18	4.34	54.80	31.55	46.35	28.74	30.37
08/09/24	97.71	-0.02	-0.02	4.35	54.88	31.48	46.52	28.74	29.89
08/12/24	97.78	0.06	0.07	4.32	56.55	33.44	47.92	30.39	31.05
08/13/24	98.00	0.22	0.23	4.21	53.00	29.02	43.84	25.34	27.08
08/14/24	97.91	-0.09	-0.09	4.26	55.56	32.48	46.57	28.97	29.75
08/15/24	97.75	-0.16	-0.16	4.34	49.46	27.35	40.83	24.47	24.28
08/16/24	97.85	0.10	0.10	4.29	47.45	25.17	38.67	22.10	23.07
08/19/24	97.84	-0.01	-0.01	4.30	48.40	26.05	39.53	22.87	22.62
08/20/24	97.95	0.11	0.11	4.24	50.07	27.09	40.88	23.55	24.50
08/21/24	98.09	0.14	0.14	4.17	49.82	26.89	40.34	22.95	24.03
08/22/24	97.95	-0.14	-0.14	4.25	48.88	26.17	39.82	22.78	23.43
08/23/24	98.16	0.21	0.21	4.14	47.41	24.22	37.99	20.30	22.61
08/26/24	98.11	-0.05	-0.05	4.17	48.63	25.80	39.30	22.15	22.83
08/27/24	98.19	0.08	0.08	4.13	47.95	24.90	38.11	20.66	22.45
08/28/24	98.20	0.01	0.01	4.12	47.06	24.21	37.42	20.19	21.09
08/29/24	98.25	0.05	0.05	4.10	42.36	18.35	32.66	14.27	15.54
08/30/24	98.26	0.01	0.01	4.09	39.36	15.05	29.75	10.98	13.32
09/03/24	98.30	0.04	0.04	4.08	43.60	19.51	34.17	15.64	17.23
09/04/24	98.51	0.21	0.22	3.97	43.68	19.04	33.85	14.50	20.16
09/05/24	98.55	0.04	0.04	3.95	42.71	18.45	32.82	13.84	20.03
09/06/24	98.75	0.20	0.20	3.85	41.94	17.72	31.65	12.53	18.59
09/09/24	98.72	-0.03	-0.03	3.86	42.39	18.90	31.97	13.66	18.65
09/10/24	98.80	0.07	0.07	3.83	45.25	22.33	35.13	16.90	22.35
09/11/24	98.71	-0.09	-0.09	3.87	45.86	23.27	35.52	17.96	22.68
09/12/24	98.74	0.03	0.03	3.86	43.53	20.67	33.44	15.61	20.42
09/13/24	98.88	0.14	0.14	3.79	41.70	19.77	31.64	14.28	20.18
09/16/24	98.93	0.05	0.05	3.76	42.83	20.30	32.37	14.64	19.96
09/17/24	98.86	-0.06	-0.06	3.80	41.80	20.17	31.54	14.75	19.97
09/18/24	98.84	-0.03	-0.03	3.81	40.73	19.29	31.20	14.61	18.39
09/19/24	98.93	0.10	0.10	3.76	39.09	16.98	29.56	12.32	17.16
09/20/24	98.94	0.00	0.01	3.76	39.44	17.34	30.10	12.94	17.47
09/23/24	98.95	0.01	0.01	3.75	39.70	17.19	30.09	12.55	16.75
09/24/24	99.01	0.06	0.06	3.72	41.32	18.39	31.60	13.43	18.40
09/25/24	98.91	-0.10	-0.10	3.78	42.95	19.48	33.38	14.96	18.82
09/26/24	98.79	-0.12	-0.12	3.84	43.62	20.59	34.36	16.43	19.11
09/27/24	98.93	0.14	0.14	3.77	42.70	19.56	33.13	15.01	18.75
09/30/24	98.85	-0.08	-0.08	3.81	38.54	15.90	28.85	11.57	14.38
10/01/24	98.92	0.06	0.07	3.78	38.60	16.06	28.53	11.31	16.62
10/02/24	98.89	-0.03	-0.03	3.79	37.33	15.44	27.41	10.93	15.88
10/03/24	98.76	-0.13	-0.13	3.86	37.13	15.52	27.75	11.81	15.37
10/04/24	98.50	-0.27	-0.27	4.01	29.34	7.47	20.81	4.67	8.42
10/07/24	98.38	-0.12	-0.12	4.08	30.36	7.23	21.91	4.68	9.11
10/08/24	98.47	0.09	0.09	4.03	27.23	4.63	18.68	2.00	6.65
10/09/24	98.39	-0.08	-0.08	4.07	25.81	4.31	17.38	1.91	5.73
10/10/24	98.49	0.10	0.10	4.02	24.88	4.76	16.47	2.16	5.13
10/11/24	98.65	0.17	0.17	3.93	18.82	-1.95	9.83	-4.96	-1.13
10/14/24	98.59	-0.07	-0.07	3.97	22.14	2.70	13.72	0.07	2.85
10/15/24	98.61	0.03	0.03	3.96	21.51	-1.92	12.39	-4.96	0.17
10/16/24	98.60	-0.01	-0.01	3.97	24.02	3.09	14.94	-0.05	3.14
10/17/24	98.50	-0.10	-0.10	4.02	25.45	4.44	16.78	1.68	4.62
10/18/24	98.53	0.03	0.04	4.00	25.54	4.60	16.85	1.75	5.38
10/21/24	98.38	-0.15	-0.16	4.09	27.26	5.87	18.83	3.33	6.72
10/22/24	98.32	-0.06	-0.06	4.13	29.35	8.43	21.05	6.01	9.85
10/23/24	98.19	-0.12	-0.13	4.20	33.15	11.00	25.10	8.78	12.48
10/24/24	98.19	-0.01	-0.01	4.20	35.24	12.93	27.31	10.82	13.32
10/25/24	98.16	-0.03	-0.03	4.22	34.37	11.34	26.52	9.31	11.95
10/28/24	98.11	-0.05	-0.05	4.25	35.44	12.42	27.69	10.52	12.21
10/29/24	98.12	0.01	0.01	4.25	37.14	13.61	29.38	11.69	12.92
10/30/24	98.01	-0.11	-0.11	4.31	38.40	15.49	30.95	13.97	13.75
10/31/24	97.98	-0.03	-0.03	4.32	40.12	16.25	33.28	15.36	15.63
11/01/24	97.90	-0.08	-0.08	4.38	41.78	17.75	35.15	17.10	18.08
11/04/24	97.99	0.09	0.09	4.33	40.38	17.42	33.56	16.61	17.41
11/05/24	97.95	-0.04	-0.04	4.36	39.48	15.34	32.86	14.75	16.75
11/06/24	97.86	-0.08	-0.09	4.41	35.83	14.61	29.44	14.21	13.87
11/07/24	98.12	0.25	0.26	4.26	27.94	6.73	21.20	5.93	7.49
11/08/24	98.08	-0.04	-0.04	4.29	24.83	3.19	18.33	2.81	4.39
11/11/24	97.97	-0.11	-0.11	4.36	31.73	10.00	25.53	9.81	11.19
11/12/24	97.90	-0.06	-0.06	4.39	27.23	5.35	20.94	5.15	6.08
11/13/24	97.98	0.07	0.07	4.35	31.24	9.17	24.83	8.71	9.36
11/14/24	97.83	-0.15	-0.15	4.44	32.76	9.94	26.62	9.75	10.18
11/15/24	97.90	0.06	0.07	4.40	31.60	10.10	25.22	9.71	10.79
11/18/24	97.95	0.06	0.06	4.38	30.99	9.68	24.45	9.13	10.41
11/19/24	97.95	-0.01	-0.01	4.38	31.40	9.38	24.85	8.79	11.29
11/20/24	97.89	-0.05	-0.06	4.42	31.81	8.79	25.34	8.26	11.09
11/21/24	97.86	-0.03	-0.03	4.44	31.38	8.39	25.05	8.13	9.98
11/22/24	97.81	-0.05	-0.05	4.47	32.09	8.74	25.76	8.41	10.31
11/25/24	98.01	0.20	0.20	4.36	29.26	7.79	22.70	7.20	10.42
11/26/24	97.94	-0.07	-0.07	4.40	32.42	12.27	26.07	11.81	13.17
11/27/24	97.94	0.01	0.01	4.40	35.56	14.92	29.21	14.53	15.64
11/29/24	98.05	0.11	0.11	4.34	33.16	13.30	26.50	12.71	14.67
12/02/24	98.01	-0.04	-0.04	4.36	35.96	15.35	29.35	14.65	16.39
12/03/24	98.00	-0.01	-0.01	4.37	37.97	17.45	31.48	16.80	19.66
12/04/24	98.15	0.14	0.14	4.29	34.61	14.40	27.86	13.51	16.52
12/05/24	98.09	-0.06	-0.06	4.33	36.32	16.34	29.75	15.59	18.17
12/06/24	98.19	0.10	0.10	4.27	35.47	13.58	28.79	12.65	17.30
12/09/24	98.16	-0.03	-0.03	4.29	35.46	13.89	28.83	13.01	16.37
12/10/24	98.16			4.29	33.26	11.53	26.78	10.82	14.43
12/11/24	98.15	-0.01	-0.01	4.30	33.06	10.91	26.67	10.24	13.87
12/12/24	98.09	-0.07	-0.07	4.34	34.32	11.51	28.02	10.97	14.66
12/13/24	98.01	-0.08	-0.08	4.39	34.76	12.22	28.62	11.90	14.41
12/16/24	97.99	-0.02	-0.02	4.40	36.24	14.20	30.08	13.83	16.00
12/17/24	97.96	-0.03	-0.03	4.42	37.50	16.00	31.36	15.64	17.81
12/18/24	97.79	-0.18	-0.18	4.53	38.44	17.37	32.48	17.29	18.58
12/19/24	97.81	0.02	0.02	4.52	40.24	20.52	34.34	20.44	21.06
12/20/24	97.86	0.05	0.05	4.49	38.19	16.78	32.22	16.63	17.82
12/23/24	97.86	0.00	0.01	4.50	35.95	18.59	29.94	18.48	15.34
12/24/24	97.89	0.03	0.03	4.48	35.12	17.84	29.10	17.70	14.40
12/26/24	97.89	0.00	0.00	4.48	36.17	18.41	30.09	18.22	14.86
12/27/24	97.90	0.01	0.01	4.48	36.28	19.15	30.25	19.00	14.98
12/30/24	98.03	0.13	0.13	4.41	34.63	18.06	28.53	17.74	14.38
12/31/24	98.06	0.03	0.03	4.38	31.99	14.39	26.60	14.78	12.36
01/02/25	98.05	-0.01	-0.01	4.40	32.93	16.34	27.48	16.69	14.67
01/03/25	97.99	-0.06	-0.06	4.43	34.15	17.48	28.76	17.93	15.67
01/06/25	98.03	0.03	0.03	4.42	32.70	17.70	27.25	18.08	15.47
01/07/25	97.99	-0.04	-0.04	4.44	33.26	17.31	27.90	17.78	14.92
01/08/25	98.04	0.05	0.06	4.41	32.27	15.75	26.89	16.17	13.74
01/10/25	97.88	-0.16	-0.16	4.52	32.75	16.52	27.33	17.00	13.62
01/13/25	97.89	0.01	0.01	4.52	31.46	15.26	26.01	15.72	12.54
01/14/25	97.94	0.04	0.04	4.49	30.92	14.71	25.49	15.16	12.54
01/15/25	98.11	0.18	0.18	4.38	28.09	12.18	22.65	12.54	11.47
01/16/25	98.15	0.04	0.04	4.36	27.86	11.82	22.41	12.13	11.93
01/17/25	98.13	-0.02	-0.02	4.38	26.73	10.85	21.27	11.18	9.92
01/21/25	98.14	0.01	0.01	4.38	27.53	9.18	22.10	9.50	10.43
01/22/25	98.10	-0.04	-0.04	4.40	29.35	12.27	23.92	12.63	10.67
01/23/25	98.11	0.01	0.01	4.40	29.69	12.53	24.26	12.88	11.10
01/24/25	98.13	0.02	0.02	4.39	30.69	14.80	25.31	15.16	11.99
01/27/25	98.23	0.09	0.09	4.33	31.70	15.75	26.24	15.98	13.62
01/28/25	98.26	0.03	0.03	4.32	29.30	13.95	23.83	14.17	11.44
01/29/25	98.19	-0.06	-0.06	4.36	30.67	15.25	25.17	15.48	12.50
01/30/25	98.21	0.02	0.02	4.35	31.12	15.58	25.62	15.78	13.70
01/31/25	98.22	0.01	0.01	4.34	29.37	14.85	24.57	15.78	12.53
02/03/25	98.15	-0.07	-0.07	4.40	31.26	15.99	26.44	16.96	14.94
02/04/25	98.20	0.05	0.06	4.36	30.53	15.42	25.69	16.33	15.03
02/05/25	98.25	0.05	0.05	4.33	30.08	14.86	25.21	15.71	15.27
02/06/25	98.23	-0.01	-0.01	4.34	29.13	13.86	24.24	14.72	13.89
02/07/25	98.13	-0.10	-0.11	4.42	29.57	13.16	24.68	14.10	13.39
02/10/25	98.16	0.03	0.03	4.40	28.96	12.85	24.09	13.77	13.17
02/11/25	98.16	0.00	0.00	4.40	27.76	12.99	22.87	13.91	12.06
02/12/25	98.05	-0.11	-0.11	4.48	27.74	14.00	22.82	14.95	12.21
02/13/25	98.12	0.06	0.07	4.44	27.94	12.89	23.04	13.80	13.08
02/14/25	98.20	0.08	0.08	4.38	27.55	12.20	22.67	13.09	12.68
02/18/25	98.14	-0.06	-0.06	4.43	28.81	13.96	23.88	14.82	13.26
02/19/25	98.25	0.11	0.11	4.36	23.83	9.88	18.87	10.70	9.40
02/20/25	98.23	-0.02	-0.02	4.38	26.32	12.00	21.37	12.81	10.93
02/21/25	98.34	0.11	0.11	4.31	26.46	10.63	21.51	11.37	11.29
